10 16 7 18 13 19 12 16 5 19 15 18 14 13 8 15 8 13 4 16 14 16 13 18 10 14 11 16 5 13 7 13 10 17 5 16 3 13 1 16 2 14 14 14 7 16 14 19 13 17 10 18 5 14 4 18 11 15 15 17 
10 16 7 19 12 18 12 17 5 19 14 17 15 14 8 14 9 13 5 17 14 16 14 18 11 13 12 15 4 13 7 13 10 17 5 16 4 14 1 17 1 15 13 13 7 15 15 19 13 17 11 17 4 15 5 18 11 15 15 17 
10 15 8 19 12 19 13 18 5 19 15 16 16 15 8 15 10 13 4 16 15 15 14 19 11 13 13 15 5 14 8 13 11 18 4 17 4 14 1 16 2 14 13 14 8 16 15 18 12 16 11 16 5 15 6 19 11 14 15 17 
10 16 7 19 12 19 12 18 5 18 14 16 17 15 8 14 10 14 5 17 15 14 14 18 12 13 13 15 4 15 9 13 11 17 5 16 4 14 1 15 3 13 14 14 7 17 15 18 13 17 12 17 5 15 7 18 12 15 14 17 
10 17 8 19 12 19 13 18 6 19 14 15 18 15 7 14 11 13 4 17 16 15 14 18 13 13 13 14 4 15 10 13 11 17 5 16 5 14 2 14 4 13 15 15 8 18 14 19 13 17 11 16 4 16 8 17 11 14 15 16 
11 18 7 19 12 18 14 17 7 18 14 16 19 15 8 15 12 13 4 17 17 15 15 19 14 14 13 15 5 15 9 13 11 17 5 17 5 14 2 15 4 14 15 14 7 17 15 18 13 17 12 17 4 16 7 16 12 15 15 17 
10 17 8 18 13 18 14 17 6 19 15 15 19 16 8 14 11 13 4 17 18 15 15 19 14 14 12 14 5 15 10 13 11 16 5 18 4 15 1 15 4 14 16 15 8 16 15 18 14 18 13 16 5 16 7 16 11 14 15 16 
11 17 8 17 13 17 14 17 7 18 14 16 20 17 8 13 11 13 4 17 19 15 15 19 15 14 13 14 4 16 10 14 12 16 5 17 4 15 1 14 5 14 17 15 7 17 15 17 14 19 12 17 5 16 7 15 12 13 15 16 
11 18 8 17 13 17 13 16 8 19 15 15 21 16 8 14 12 14 5 18 20 14 15 19 15 14 14 15 4 16 10 15 12 15 5 17 4 15 1 13 5 15 18 15 7 17 14 18 15 18 12 18 5 16 8 16 13 13 15 16 
11 19 7 16 14 17 13 16 7 18 16 15 22 17 9 13 13 14 4 18 20 13 14 19 15 14 13 15 4 16 10 14 12 15 5 17 4 15 2 13 5 14 19 15 7 17 14 18 15 17 13 18 4 17 8 15 14 14 15 16 
12 18 7 15 14 17 13 16 8 17 15 15 23 17 10 13 13 13 5 19 21 12 15 18 15 13 13 15 5 16 11 15 12 16 5 18 4 15 3 13 5 15 20 16 8 16 15 19 14 16 13 17 4 17 8 14 14 14 14 15 
13 18 7 14 15 17 12 17 7 17 16 15 23 16 11 14 12 14 6 19 22 13 15 18 15 14 13 14 5 16 12 15 12 16 5 18 4 16 4 14 5 15 20 15 8 15 14 19 14 16 13 17 5 17 9 13 14 14 14 15 
13 18 7 14 15 17 12 18 7 17 17 15 22 16 12 13 12 14 7 18 22 14 15 19 15 13 13 14 5 16 13 16 13 15 4 18 4 17 4 15 5 15 21 15 8 14 14 18 15 16 14 17 5 17 10 13 14 14 15 15 
12 17 8 13 15 17 13 17 7 17 18 15 23 17 11 14 12 14 8 18 21 14 15 18 14 13 13 14 5 16 14 16 14 15 5 19 5 18 4 16 5 14 22 15 7 13 14 19 15 16 14 17 5 17 11 13 15 14 16 15 
12 17 8 14 15 17 13 17 8 16 19 16 22 17 12 15 12 14 8 17 20 13 14 18 15 13 13 15 5 16 14 16 13 16 5 19 6 19 4 15 4 14 23 14 7 14 14 19 15 15 13 18 4 17 10 14 15 14 17 15 
12 18 9 13 15 16 13 17 7 15 20 17 21 16 12 16 13 14 8 18 21 13 15 18 14 13 14 15 5 16 14 17 13 16 5 18 7 19 4 16 5 15 24 14 8 15 15 19 14 14 13 18 5 17 11 13 16 15 18 15 
11 18 10 13 14 16 13 17 7 15 19 16 22 16 12 17 13 13 8 17 21 14 15 17 15 14 15 15 5 16 14 17 13 16 4 18 7 18 4 17 4 14 25 14 8 14 14 18 14 14 12 19 5 17 12 13 17 15 19 15 
10 17 10 14 15 16 13 17 8 15 19 17 23 15 12 17 14 13 8 16 22 15 15 17 16 15 15 15 4 16 14 17 14 15 5 19 7 17 4 17 4 15 26 15 8 13 13 18 14 14 12 18 5 18 13 14 18 15 20 16 
10 17 11 14 15 16 13 16 8 14 19 18 23 15 11 16 15 14 8 17 23 14 15 18 17 15 15 15 5 17 14 16 14 15 6 19 7 16 4 17 5 16 26 16 9 13 12 19 15 13 11 19 5 18 13 15 19 14 21 16 
10 17 12 14 16 15 12 15 8 14 20 19 23 15 11 15 15 14 7 17 24 14 15 18 18 15 15 15 5 17 15 17 14 14 7 18 8 15 4 17 4 15 27 15 10 14 12 18 14 13 11 18 4 18 13 15 19 13 20 17 
11 16 12 14 17 15 13 16 7 13 21 18 24 15 11 14 15 14 8 17 24 13 14 17 19 15 15 15 5 17 14 16 14 14 7 19 7 15 5 18 4 16 26 15 11 13 13 18 15 13 11 19 5 19 14 15 20 12 19 16 
10 15 11 15 18 15 13 17 7 13 22 17 25 15 12 15 16 15 7 16 25 14 14 17 20 14 15 15 4 18 15 16 14 14 8 18 8 14 5 18 4 17 27 15 12 13 14 18 14 13 10 19 4 19 14 15 21 12 20 15 
11 16 12 16 19 16 13 17 7 14 23 17 26 16 11 14 15 14 7 15 26 14 14 17 21 13 14 16 4 18 15 16 14 14 7 19 9 13 6 19 5 17 28 15 12 14 15 18 15 13 10 18 5 19 14 15 22 12 21 15 
12 17 13 15 20 16 13 17 8 14 24 17 26 16 12 15 15 14 8 16 25 14 13 18 20 12 15 15 5 18 16 15 14 14 7 19 10 13 7 18 4 16 27 15 12 14 14 19 14 13 11 19 5 19 13 14 23 13 22 15 
13 16 14 15 21 15 14 17 9 13 23 17 26 15 12 15 15 14 8 17 26 14 13 18 21 12 15 16 5 18 17 15 15 13 6 19 11 14 7 17 5 17 27 15 12 14 15 18 14 13 12 19 5 19 13 13 24 13 23 16 
13 16 14 14 22 16 14 17 10 14 24 16 25 15 13 15 15 15 7 16 25 14 14 19 22 12 16 15 4 17 18 15 15 13 7 18 11 15 8 18 5 17 28 15 12 13 15 17 14 13 13 19 4 19 13 13 24 14 24 17 
13 16 14 14 21 15 14 17 11 14 24 16 25 15 14 16 14 15 7 15 26 14 13 18 23 13 17 15 5 16 19 16 15 14 8 17 12 15 8 18 5 18 27 15 11 13 14 18 14 13 13 19 5 19 13 14 24 13 25 16 
13 16 14 14 22 16 15 16 12 13 23 17 26 15 14 16 15 15 8 14 26 14 12 17 24 14 16 15 5 17 20 17 15 14 8 16 13 15 8 19 5 18 26 16 11 13 13 17 15 13 12 18 4 18 13 14 24 13 25 16 
13 16 14 14 21 15 15 16 11 14 23 16 27 15 14 15 15 15 8 13 26 14 12 16 24 15 17 15 5 16 21 17 15 14 7 16 13 15 8 18 6 19 25 15 10 14 14 18 15 13 13 18 5 19 14 13 25 14 24 17 
13 16 13 13 22 14 15 16 12 15 22 15 28 15 14 15 15 15 7 13 26 15 13 17 24 15 18 15 4 17 22 18 16 15 8 15 14 16 8 17 5 18 26 16 10 13 14 17 15 13 13 18 4 19 13 14 25 14 25 16 
12 17 14 14 23 13 15 17 13 15 21 15 29 15 14 15 15 14 7 13 26 14 12 18 25 15 19 14 5 17 23 17 17 15 7 14 14 16 7 18 6 19 26 16 11 14 14 17 15 13 14 18 5 19 13 14 25 14 25 16 
12 17 14 14 24 14 15 18 12 16 22 14 30 15 14 15 16 15 8 13 26 14 13 18 26 15 20 13 5 17 22 17 18 15 7 15 15 15 8 17 7 19 27 15 12 13 13 16 14 13 14 18 5 18 13 14 25 14 24 17 
11 16 14 14 25 15 15 17 12 16 22 15 29 15 15 16 17 15 9 13 26 14 12 18 26 15 21 12 4 18 22 17 19 15 7 14 15 15 7 16 7 18 26 16 12 14 12 15 15 14 14 17 6 19 13 13 24 13 23 16 
12 17 14 15 25 16 15 17 13 16 23 14 30 15 16 15 18 15 10 14 26 14 13 18 26 15 22 12 4 17 23 17 20 14 8 13 14 16 8 15 8 18 27 15 11 13 12 15 15 14 13 17 7 19 14 13 25 14 24 17 
11 16 15 16 26 16 15 17 13 15 24 15 31 16 17 15 19 14 10 15 26 14 12 19 26 15 23 13 4 16 22 16 20 15 9 13 14 16 8 14 8 18 28 15 10 13 13 14 14 14 14 17 7 18 15 13 25 15 24 16 
11 17 16 15 26 16 15 18 14 15 24 15 31 17 18 15 20 14 11 15 27 15 12 18 25 14 22 13 5 17 22 15 21 16 8 13 14 16 7 14 8 17 29 15 10 14 13 14 14 13 13 17 7 17 15 14 25 15 24 17 
11 17 17 15 26 16 15 19 13 15 25 16 31 18 19 15 21 15 12 16 26 14 13 18 26 15 23 14 4 18 23 15 22 16 9 13 15 15 8 14 7 16 30 15 11 14 13 14 15 13 14 17 7 18 15 14 25 15 24 16 
11 17 18 15 26 16 15 18 14 16 24 17 31 19 19 16 22 15 11 16 27 15 13 17 26 15 24 14 5 19 24 15 21 17 10 13 15 16 7 13 8 15 31 16 12 13 14 15 14 13 14 17 7 17 15 14 25 15 23 17 
12 16 19 14 25 16 15 17 15 15 24 17 32 19 20 16 22 15 11 16 28 15 13 18 26 14 23 15 6 19 24 15 22 17 11 14 15 16 8 13 7 14 30 15 13 13 14 15 15 13 14 17 7 16 15 14 25 15 23 16 
12 15 19 13 24 16 14 16 14 14 24 17 33 19 21 17 21 16 11 16 29 15 13 17 27 15 23 14 7 19 24 14 23 17 12 13 16 15 9 13 8 15 31 15 13 13 14 15 14 13 14 17 7 16 15 14 26 15 23 16 
13 14 20 14 25 15 13 16 15 13 25 16 34 18 21 17 22 15 12 16 30 15 13 18 28 15 24 13 7 18 25 14 22 17 12 14 17 15 10 14 8 14 31 16 13 13 14 15 14 13 15 16 7 15 15 15 26 16 24 15 
14 14 20 15 25 15 13 16 15 13 26 15 33 17 22 16 23 15 12 17 31 15 14 18 29 15 23 13 7 17 25 14 23 17 13 15 18 15 11 15 9 13 31 17 13 13 14 15 15 14 15 17 7 14 16 15 27 15 23 16 
15 15 21 14 26 16 14 16 14 13 26 14 33 16 21 16 23 15 13 17 31 16 15 18 30 15 22 14 8 16 25 14 24 16 13 14 19 16 11 16 10 13 31 18 13 13 14 15 15 14 14 17 8 14 17 15 27 15 24 15 
15 15 21 13 26 16 14 16 15 13 26 15 33 15 22 17 24 14 13 17 31 17 15 19 31 15 23 13 7 15 25 14 25 16 13 14 20 16 12 16 9 13 32 19 14 14 13 15 16 15 15 16 8 14 18 15 28 15 25 15 
15 14 21 14 27 15 15 17 15 13 26 15 34 14 23 16 23 15 13 16 31 18 15 18 31 16 24 13 7 14 25 14 24 16 14 13 21 17 12 17 10 14 33 19 14 14 13 15 17 15 14 15 8 15 19 14 29 15 26 14 
16 15 22 13 26 16 15 16 15 13 25 15 33 13 24 15 22 15 14 17 32 19 15 19 31 17 24 14 8 14 25 14 24 16 13 14 22 18 13 18 11 14 34 19 14 14 13 15 18 15 15 15 8 16 20 15 30 15 26 14 
17 15 22 12 27 15 14 16 15 13 26 15 34 13 23 14 22 15 14 18 33 19 15 18 31 18 23 15 8 15 25 14 25 16 13 13 23 17 12 18 11 14 34 18 15 14 12 14 19 14 14 15 8 16 20 14 31 16 26 14 
18 15 23 13 26 16 14 16 14 13 26 15 33 12 24 15 22 14 15 17 32 19 14 17 31 18 24 14 8 14 24 13 25 16 13 13 22 18 12 17 10 14 33 17 16 15 12 13 19 13 15 16 7 16 20 13 31 17 25 15 
19 14 23 13 27 15 13 17 15 14 26 15 33 11 23 16 21 14 15 18 33 19 14 17 31 19 25 14 7 15 23 14 24 17 13 14 23 17 13 16 10 15 33 16 17 15 11 14 20 14 14 15 7 16 21 12 31 16 24 16 
19 15 23 13 28 15 12 17 16 15 26 16 33 12 24 15 22 14 14 18 34 18 15 16 32 19 25 14 8 15 24 13 25 16 14 14 22 17 13 15 11 16 33 15 18 15 11 15 21 15 15 15 7 17 22 12 31 17 25 15 
20 15 23 13 29 15 13 17 17 15 27 15 33 11 24 14 23 15 14 17 33 17 14 15 33 19 25 14 8 14 23 14 25 16 14 13 22 16 13 15 12 15 33 16 19 16 12 16 22 15 15 15 8 16 21 12 31 18 26 15 
21 15 24 13 30 15 13 18 18 15 26 14 34 10 24 14 24 15 14 16 34 17 14 15 33 19 25 15 8 15 23 14 26 16 14 13 23 17 13 16 12 14 33 15 19 15 12 16 23 16 14 14 8 16 20 11 32 19 26 15 
21 15 25 14 31 16 13 19 19 14 26 14 34 9 24 14 24 15 15 16 33 16 14 15 34 18 25 16 7 14 22 15 26 16 15 14 24 16 12 15 12 14 34 14 20 16 13 15 24 17 15 15 7 15 20 12 31 18 27 15 
22 16 25 14 31 17 13 18 20 14 26 15 34 8 24 14 23 16 15 17 33 16 14 14 34 17 25 16 8 14 23 15 26 16 14 13 25 15 12 15 12 14 34 15 21 16 13 14 24 17 16 15 8 15 21 12 32 19 27 15 
21 17 26 14 31 18 13 17 21 13 26 15 33 9 24 14 23 16 14 17 33 15 15 15 33 17 25 16 9 13 24 15 26 16 15 14 25 15 13 16 13 15 34 15 22 17 13 13 23 17 16 15 7 14 22 12 33 19 28 15 
22 18 26 14 32 19 13 17 21 12 27 15 34 8 25 14 22 15 13 18 33 16 14 15 33 17 24 17 10 13 24 16 26 16 15 13 25 15 13 16 14 16 34 14 21 18 12 13 23 17 15 16 8 15 22 13 34 18 29 15 
22 18 26 15 33 19 14 17 22 12 28 15 34 7 25 14 22 14 12 18 34 15 15 15 34 17 25 16 11 14 24 15 26 16 15 14 24 14 13 15 14 16 34 13 22 17 13 14 23 16 15 17 7 14 22 13 34 19 30 15 
22 18 26 15 34 18 14 17 23 13 29 15 34 6 25 15 23 14 13 18 34 14 15 15 33 16 25 16 12 14 24 15 27 15 16 15 23 15 13 15 15 16 33 12 23 17 14 14 24 17 15 18 7 13 22 13 34 19 31 15 
21 17 26 14 33 19 15 17 24 13 29 15 34 7 26 16 22 15 13 17 34 13 14 15 34 15 25 16 12 13 25 14 28 15 16 15 23 15 14 16 15 16 33 12 23 17 15 14 24 16 15 18 8 13 22 14 34 19 30 15 
21 18 26 14 33 19 15 17 24 14 29 15 34 6 27 15 23 16 14 17 34 14 14 15 34 15 25 15 13 13 26 15 28 15 17 15 23 15 15 15 15 16 34 11 24 17 15 13 24 15 14 18 9 13 23 13 34 18 31 16 
22 18 25 14 32 19 15 18 24 14 30 15 33 6 26 16 22 16 14 16 34 13 14 15 33 15 25 15 12 14 25 16 28 15 18 15 24 16 15 15 16 15 34 10 24 17 15 14 24 15 13 17 10 14 24 13 33 17 31 17 
23 17 25 14 33 19 14 17 23 13 31 16 32 7 27 15 23 16 14 16 33 12 14 15 34 15 26 14 13 13 26 15 29 15 19 15 23 15 15 16 17 15 33 9 24 17 14 13 24 15 13 17 11 15 24 13 34 18 31 18 
22 18 25 15 34 19 14 18 22 14 31 17 32 6 28 15 23 16 15 17 33 11 15 15 34 14 26 14 13 14 26 16 30 15 20 16 24 16 15 16 16 15 34 8 25 16 15 14 24 14 13 18 11 14 24 13 33 17 32 19 
23 17 26 15 33 19 14 18 23 13 31 18 31 6 29 15 23 16 15 18 34 10 14 15 33 13 27 15 14 13 26 16 31 15 21 15 24 15 15 16 17 15 34 7 25 16 15 13 24 14 14 17 12 15 25 14 33 16 32 19 
24 17 26 14 34 18 15 17 23 13 31 19 30 6 29 15 23 16 15 18 34 9 14 15 33 12 28 15 15 14 26 16 30 15 22 14 24 16 16 15 18 15 34 6 25 15 14 14 23 14 13 16 12 14 25 14 34 15 32 19 
25 16 27 15 33 19 15 16 22 12 31 18 29 7 29 15 24 15 15 18 33 9 15 15 33 11 28 15 15 14 26 15 31 16 22 15 24 16 17 15 19 16 33 5 25 15 14 14 23 14 14 17 13 14 25 14 34 14 32 19 
26 16 27 15 34 18 15 16 22 13 31 18 28 7 30 15 23 15 15 17 34 9 16 15 34 10 28 15 15 14 26 15 31 17 22 16 24 17 18 15 20 15 32 6 25 15 15 13 24 14 14 18 14 13 26 14 34 13 31 19 
25 16 27 15 33 19 15 15 23 14 31 18 27 6 31 15 24 15 14 17 33 9 17 15 33 11 29 15 15 14 26 15 31 16 23 17 24 17 19 16 21 15 31 6 25 15 15 13 24 13 15 19 14 14 25 14 33 12 32 19 
25 16 28 15 34 18 16 15 22 13 31 18 26 5 31 15 24 16 15 18 34 9 18 15 34 10 30 15 15 14 26 16 31 17 23 17 24 17 20 17 21 16 30 6 26 14 14 13 24 14 15 19 13 15 25 14 34 11 31 19 
25 15 29 15 34 17 17 15 23 13 31 18 25 4 31 15 24 16 14 17 34 8 19 15 33 9 30 15 15 13 27 15 31 16 22 18 23 16 21 17 22 17 29 5 26 15 13 13 24 15 14 18 14 14 25 14 33 11 32 19 
25 15 28 15 33 16 18 15 24 13 31 19 24 4 31 15 25 16 15 16 34 9 19 16 34 10 30 15 15 14 27 15 31 17 22 18 23 15 20 18 23 17 30 6 26 16 14 13 24 14 15 18 15 15 26 14 33 11 33 19 
25 15 29 15 33 15 19 14 23 13 32 19 23 3 31 16 25 16 15 16 34 9 20 15 33 9 30 15 16 15 26 15 31 18 22 17 24 16 21 18 24 17 31 7 26 16 14 14 25 14 14 17 15 15 26 14 33 12 34 18 
24 15 28 15 34 14 19 13 23 14 33 19 24 3 31 17 25 16 15 17 34 8 21 16 34 10 31 15 17 15 26 15 31 19 22 16 23 15 21 17 23 16 30 8 26 16 15 14 24 14 13 17 14 16 27 15 34 11 33 17 
24 15 29 15 33 13 20 12 23 13 34 18 23 4 31 17 24 16 14 17 34 8 22 17 34 9 31 16 18 15 25 15 32 19 23 17 23 15 21 18 23 16 31 7 26 16 16 15 24 14 13 16 15 16 26 14 33 11 33 16 
25 16 29 15 34 14 20 13 23 14 33 17 23 3 31 17 24 16 15 17 34 7 21 16 33 9 30 15 19 16 25 15 31 18 24 17 23 15 22 18 22 16 30 6 27 15 17 15 25 14 12 16 14 15 26 15 34 10 34 15 
25 16 28 15 34 13 21 13 23 13 33 16 24 3 31 17 24 15 15 16 33 6 21 17 34 9 31 16 20 17 26 14 32 19 23 17 24 14 22 18 23 16 29 7 27 15 18 15 25 14 11 15 15 15 26 16 34 11 33 15 
25 16 29 15 33 13 22 13 22 12 34 15 23 2 31 18 25 15 14 15 32 7 22 17 34 8 31 15 20 17 26 15 33 19 24 17 24 14 21 18 22 16 28 7 27 15 19 16 24 13 12 16 16 15 26 16 33 11 34 14 
24 15 30 15 34 13 23 14 23 13 33 15 22 2 32 19 25 15 14 14 31 8 23 17 34 7 31 16 19 18 26 14 34 18 24 16 25 14 22 18 23 16 29 6 28 15 20 15 24 13 12 17 17 15 26 16 34 10 34 14 
24 15 31 15 33 12 23 15 23 13 34 15 22 1 33 19 25 15 15 15 30 8 24 17 33 6 31 17 20 17 27 15 33 17 24 16 24 14 21 18 23 16 28 5 29 15 19 14 24 13 13 18 18 15 25 16 33 9 33 13 
24 15 31 16 34 11 23 14 22 12 34 14 22 2 32 19 26 16 15 16 29 7 24 17 32 6 31 18 20 18 27 15 34 17 23 17 25 14 22 17 23 16 27 5 28 15 20 15 24 13 14 17 17 15 25 16 34 8 34 13 
25 15 31 17 34 10 24 14 23 13 33 13 21 2 33 19 26 16 16 15 28 8 24 17 32 7 31 18 19 17 27 15 33 16 24 16 25 14 21 18 23 16 26 4 29 15 21 14 24 13 14 16 18 15 26 15 34 7 33 12 
25 15 31 16 34 9 24 14 23 14 34 13 20 2 34 18 26 16 17 15 27 7 24 17 31 8 32 19 20 18 27 15 34 15 25 16 25 14 22 18 24 15 25 4 30 15 22 14 24 13 15 16 19 16 26 14 34 6 33 11 
25 15 31 17 34 8 24 14 23 14 33 12 21 2 34 17 26 16 18 15 26 8 24 16 31 7 31 19 19 19 28 15 34 14 26 15 25 14 22 17 23 16 24 4 29 15 23 15 23 13 15 15 19 17 26 14 34 5 34 10 
25 15 31 17 34 7 24 14 24 13 34 11 20 3 33 17 26 16 19 14 26 7 24 15 30 8 31 18 20 19 27 15 34 13 25 16 25 14 22 18 23 16 24 3 30 15 23 15 23 13 14 15 20 18 26 14 33 5 33 9 
25 15 31 16 34 6 24 14 23 14 34 10 19 4 34 18 26 16 19 15 25 8 24 16 29 7 32 19 21 18 28 15 33 13 26 15 25 14 23 17 23 16 23 4 31 15 23 15 22 12 15 15 20 17 26 14 33 5 34 8 
25 15 31 17 33 6 24 14 24 15 34 11 18 5 33 17 26 16 20 14 24 7 24 16 28 7 33 19 22 18 29 15 33 12 25 16 25 14 23 17 24 17 23 3 30 15 23 15 23 13 15 16 21 16 27 15 32 4 33 9 
26 14 31 18 33 5 24 13 23 16 34 11 17 5 33 16 26 16 20 15 23 7 24 16 28 8 34 18 22 18 28 15 33 11 26 15 25 14 22 17 24 17 22 2 31 15 23 15 22 12 16 15 22 15 27 15 31 3 34 9 
25 15 31 17 32 4 23 13 23 16 34 11 16 5 33 15 26 16 21 14 24 7 25 16 27 7 34 17 23 17 29 15 34 10 26 15 25 14 22 16 24 17 21 2 30 15 24 15 21 12 15 16 22 14 27 15 30 4 34 8 
26 14 31 18 31 5 24 13 23 16 33 11 15 5 34 14 26 16 20 15 23 8 24 16 26 8 33 16 22 17 29 15 33 9 26 15 25 14 23 15 24 17 20 3 31 16 24 14 22 13 16 15 22 14 28 15 29 5 34 7 
27 15 31 19 31 6 24 13 23 16 33 11 14 5 34 15 26 16 19 16 22 8 24 16 25 8 33 15 22 16 30 15 34 10 26 15 24 15 23 14 25 16 19 4 31 15 25 15 23 13 17 15 22 14 28 15 28 4 34 8 
26 14 32 19 32 6 24 13 23 15 34 11 13 5 33 16 26 16 20 15 21 8 24 17 24 7 34 14 23 17 31 16 33 9 26 15 25 14 22 15 25 16 19 5 31 15 25 15 24 14 18 15 22 14 29 15 28 5 34 7 
26 14 33 19 32 7 23 13 22 16 33 12 12 5 33 15 26 16 20 16 20 8 24 17 23 7 34 15 24 16 31 17 34 8 27 15 24 15 23 16 25 16 19 6 31 15 25 15 24 14 19 16 23 14 30 15 27 5 33 6 
26 14 34 18 31 8 24 13 22 15 34 13 11 5 33 16 26 16 21 17 21 7 24 17 22 8 34 14 24 16 31 18 34 7 28 15 24 15 23 17 26 15 20 6 31 15 25 15 25 14 19 15 23 15 31 16 28 4 33 5 
26 14 33 17 31 7 23 14 21 16 33 12 10 6 34 15 27 15 22 17 20 7 25 16 23 7 33 13 23 16 32 19 34 8 29 15 24 15 23 17 26 15 19 7 30 15 25 15 24 14 20 15 23 15 31 17 29 3 32 6 
25 14 33 16 30 6 23 13 21 16 34 11 9 7 34 14 27 15 22 16 20 7 26 16 24 6 34 13 23 16 33 19 34 7 28 15 24 15 24 17 26 15 20 8 31 16 25 15 24 14 21 15 24 16 31 18 29 4 33 6 
24 13 34 15 29 7 23 14 22 17 34 10 8 7 33 13 26 14 21 17 19 6 26 16 24 7 33 12 23 15 34 18 34 6 29 15 24 15 23 17 26 15 19 7 31 17 25 16 24 14 22 14 24 16 31 19 28 5 32 6 
25 14 34 14 28 8 23 13 22 16 33 9 8 8 33 13 26 14 22 18 18 5 27 15 23 7 34 11 23 15 34 17 34 7 30 15 24 15 23 16 26 15 20 6 31 18 25 15 24 14 21 14 24 16 32 19 27 6 31 7 
25 14 34 13 28 8 23 13 23 17 34 9 7 7 33 12 26 14 21 18 19 4 28 15 23 6 34 10 22 15 33 17 33 6 31 16 24 15 22 17 26 15 19 6 31 19 26 16 24 13 22 13 25 16 33 19 27 7 31 8 
25 15 34 14 27 9 23 14 23 17 34 8 7 6 34 11 27 15 20 18 19 5 29 15 23 7 33 9 23 16 33 16 32 6 31 17 24 15 22 18 26 15 18 5 31 18 26 16 24 14 22 13 24 17 34 19 26 8 30 9 
25 16 34 13 26 9 23 13 24 16 34 7 6 5 34 10 28 15 20 19 19 4 30 15 24 6 34 9 22 16 34 17 32 7 31 16 24 15 21 18 26 14 17 5 32 19 26 16 25 14 22 14 24 17 34 18 26 7 29 9 
26 15 33 12 25 8 23 14 25 15 33 6 5 4 33 9 29 15 20 18 18 5 31 15 23 5 34 8 23 15 33 16 31 8 31 17 24 15 22 17 27 15 16 5 33 19 26 16 25 14 22 15 23 16 33 17 26 8 28 8 
26 15 34 11 24 7 24 13 25 15 32 6 5 3 34 9 29 15 21 17 17 5 30 15 23 4 34 7 24 16 33 15 31 7 31 18 24 15 22 16 28 15 15 5 34 18 25 16 26 14 22 14 23 16 34 17 26 7 29 7 
26 15 34 10 24 6 23 14 25 14 31 5 4 2 34 8 29 15 22 17 18 5 31 16 24 4 33 6 24 16 33 16 30 8 32 19 24 14 22 15 27 15 16 5 34 18 26 16 26 14 23 15 23 16 33 17 25 8 28 7 
26 15 34 9 24 7 23 14 25 14 30 4 4 3 34 7 30 15 22 16 19 5 31 17 24 3 32 6 24 16 33 15 29 7 33 19 24 14 22 15 28 15 15 5 34 18 25 16 25 15 24 15 24 17 34 17 24 8 27 7 
27 15 34 8 23 6 24 13 26 14 29 5 4 2 33 6 31 16 22 16 18 5 31 18 23 3 31 6 24 16 34 15 28 8 32 19 23 13 23 16 28 15 14 5 33 17 26 16 25 15 23 15 23 17 34 17 23 8 26 6 
27 15 34 7 24 6 25 14 26 14 29 4 3 3 32 7 31 16 22 17 17 5 31 17 22 2 30 6 25 16 34 14 27 9 33 19 24 14 24 17 29 15 13 5 33 17 26 15 25 15 23 15 23 17 33 16 23 7 25 6 
28 15 34 6 23 6 24 13 26 14 28 3 4 3 31 8 30 15 23 16 18 5 31 18 21 2 29 5 26 16 34 13 26 8 34 19 23 14 24 17 29 15 12 5 34 17 26 15 25 15 24 16 22 16 33 15 22 8 24 7 
28 15 33 5 23 5 25 14 26 14 27 2 3 2 30 8 31 16 22 15 17 5 32 19 20 2 30 6 26 16 33 13 26 7 34 18 24 14 25 16 29 15 13 5 33 16 27 15 25 15 24 16 22 16 34 14 21 8 24 6 
28 15 33 4 23 6 25 14 26 14 26 3 4 3 29 7 31 17 23 15 16 5 33 19 21 2 29 6 26 15 33 12 25 6 34 17 24 13 25 16 30 15 12 5 34 15 27 15 25 15 24 17 23 16 34 14 20 7 23 7 
29 15 32 4 23 6 24 15 26 14 25 4 3 4 28 7 31 18 23 15 17 5 33 19 22 1 29 6 26 15 33 11 24 7 34 18 24 14 25 16 31 15 11 5 33 15 26 16 25 15 24 16 22 15 33 13 19 6 24 8 
30 15 31 3 23 7 24 15 26 14 24 3 2 3 27 7 32 19 23 16 18 5 34 19 22 2 28 5 26 15 34 10 24 7 34 18 24 14 24 17 31 16 10 5 34 15 27 15 25 14 23 17 23 14 33 12 19 5 23 8 
31 15 31 2 22 8 24 15 26 14 23 3 3 3 26 8 31 19 23 16 19 4 33 19 21 2 27 5 26 16 34 9 24 8 34 17 24 14 25 16 31 17 10 6 34 14 28 15 25 15 24 16 23 15 34 11 19 6 22 9 
30 15 30 3 21 7 24 15 27 15 22 2 2 2 26 9 31 18 24 17 19 4 34 18 20 3 26 6 26 15 34 8 23 9 33 16 25 14 25 16 31 17 9 5 34 13 29 15 25 15 23 17 23 14 34 10 18 5 21 9 
31 16 29 2 20 7 24 15 28 15 21 3 1 2 25 8 32 19 24 16 20 4 34 17 19 3 25 6 26 16 33 9 22 8 33 15 26 14 25 16 31 17 8 6 33 12 29 15 25 15 23 16 23 13 34 10 17 5 22 9 
31 16 28 3 19 8 24 15 27 15 21 2 2 1 24 8 33 19 24 17 19 4 33 16 20 3 24 6 26 16 34 8 23 9 34 15 26 14 26 15 31 18 7 5 33 11 30 15 25 14 23 17 24 14 34 9 16 5 21 8 
31 17 29 2 20 8 25 15 28 15 20 1 2 2 23 8 34 19 23 16 18 5 33 15 20 2 23 7 25 16 34 7 22 9 34 14 26 14 26 15 32 19 7 4 34 11 31 15 24 13 24 16 23 15 34 10 15 5 21 7 
31 16 28 1 20 7 25 15 28 15 21 1 3 3 22 8 33 19 24 15 17 5 34 15 20 3 23 7 26 16 33 6 21 8 33 13 25 14 27 15 31 18 6 5 33 12 30 15 23 13 23 17 22 14 33 9 14 5 20 6 
31 17 27 2 19 8 26 15 29 15 20 2 2 3 22 9 34 18 24 15 16 5 34 15 19 4 24 7 25 16 32 7 20 8 34 14 26 14 27 15 32 19 5 4 33 11 31 15 24 14 22 17 23 15 34 8 13 5 19 7 
31 18 27 1 20 7 26 15 30 15 21 3 1 2 23 9 33 17 24 15 17 5 33 15 18 5 23 6 25 16 31 8 19 9 33 13 25 15 26 16 33 19 6 3 34 10 31 16 25 14 23 16 24 16 34 7 12 5 19 6 
31 19 27 2 19 7 26 14 31 15 20 4 1 1 22 8 33 16 24 14 16 5 34 14 19 5 24 7 24 17 30 9 20 9 33 12 25 15 27 15 34 18 5 3 33 9 31 17 25 14 23 16 23 17 33 6 11 5 19 6 
32 19 26 3 19 8 26 15 31 15 20 3 2 1 21 8 33 15 24 15 15 5 34 15 19 4 23 7 25 16 29 8 20 8 33 11 25 15 28 15 34 19 4 3 34 10 31 16 24 13 23 16 24 16 32 6 10 5 18 5 
33 19 26 4 19 7 27 15 30 15 20 3 1 1 22 9 33 15 24 14 14 5 34 14 19 3 22 8 26 16 28 9 20 7 34 11 25 15 29 15 34 18 3 2 33 9 31 17 25 14 23 15 24 17 31 6 9 5 17 5 
34 19 27 3 19 6 27 15 31 16 19 4 2 2 21 8 34 15 24 13 13 5 34 13 19 3 21 9 26 16 27 10 20 6 34 10 26 14 28 15 33 17 2 1 34 8 31 18 26 15 22 16 25 16 30 6 8 5 16 5 
34 18 26 4 18 5 27 15 31 17 20 3 1 1 21 8 33 16 24 13 12 5 33 13 19 2 22 9 25 15 27 9 19 7 33 9 25 14 29 15 33 17 3 1 34 9 31 18 26 15 23 17 24 17 29 5 9 4 15 5 
34 18 25 4 17 5 28 15 31 16 20 4 1 2 20 8 33 15 24 14 13 5 33 12 19 3 22 8 24 15 27 10 19 8 33 9 26 14 30 15 34 17 2 2 34 8 32 19 26 16 23 17 24 16 28 4 8 3 14 5 
34 18 24 3 16 5 29 15 31 17 19 5 1 1 21 8 34 14 24 13 12 5 34 11 20 3 21 7 25 16 27 9 19 7 34 10 25 15 31 15 33 16 2 2 34 7 33 19 27 15 24 17 23 16 28 3 7 4 15 5 
34 17 23 2 17 5 29 15 31 18 19 4 1 2 20 7 34 14 24 14 11 5 33 12 20 4 20 6 26 16 26 10 19 6 34 9 24 15 31 16 33 15 1 3 34 8 34 19 28 15 24 17 23 17 29 3 8 4 14 5 
33 16 22 1 16 5 30 15 32 19 19 4 1 1 21 7 34 13 24 14 10 6 34 11 19 3 19 5 27 15 26 9 18 5 34 10 25 15 31 17 34 15 2 2 33 9 34 18 28 15 25 16 22 18 29 2 7 3 13 5 
33 15 22 2 15 5 31 16 33 19 20 4 1 2 20 7 34 14 23 13 9 5 33 11 19 3 20 6 26 14 26 8 17 5 34 9 25 14 31 18 34 15 2 1 33 9 33 17 29 15 26 16 21 17 29 3 6 4 12 5 
33 15 21 2 14 5 31 17 34 18 19 5 1 2 19 6 34 13 24 13 10 6 34 10 19 4 20 6 25 15 26 7 16 5 34 8 26 15 31 19 33 16 1 1 33 9 33 17 30 15 27 15 22 18 29 2 5 4 11 5 
34 14 21 3 13 5 31 18 34 17 18 5 2 3 19 6 33 12 25 14 10 7 34 10 19 3 19 7 24 15 25 8 17 5 34 9 26 16 31 19 34 15 2 2 33 9 33 17 31 16 28 15 23 17 29 1 4 4 10 4 
33 13 20 3 12 5 31 18 34 17 18 5 2 4 19 5 33 11 25 14 9 8 34 11 19 4 20 7 24 15 24 8 16 5 34 9 26 15 32 19 33 15 2 1 34 8 33 16 31 17 29 15 24 16 30 1 4 5 9 3 
33 12 20 4 11 5 31 19 33 17 17 5 3 3 19 6 33 11 25 15 8 7 34 10 19 3 20 6 24 15 24 7 15 5 33 9 27 15 33 19 34 14 2 2 34 7 33 16 31 16 30 15 25 16 29 1 3 4 8 3 
33 13 19 4 10 6 31 19 34 17 16 5 4 4 19 7 34 11 26 15 7 7 34 9 19 3 20 7 25 14 24 8 14 5 33 9 28 15 32 19 34 14 1 1 34 8 33 15 31 17 31 15 26 16 28 1 4 3 8 4 
34 13 18 5 9 5 31 18 33 16 15 5 3 3 19 6 34 11 27 15 6 6 34 9 20 4 20 6 26 14 24 7 13 5 34 10 29 15 33 19 34 14 2 1 34 7 34 15 31 17 31 16 26 16 27 1 3 2 7 3 
34 13 17 5 8 6 31 19 33 16 14 5 4 4 19 5 33 12 27 15 5 7 34 8 20 3 20 7 26 14 23 8 13 5 33 9 28 15 34 19 33 13 1 1 33 6 33 15 31 17 30 15 25 15 27 2 2 2 8 3 
34 13 16 5 7 6 32 19 34 15 15 5 5 4 18 5 34 11 26 16 4 6 34 7 20 4 19 6 26 14 22 9 12 5 34 10 29 15 34 18 33 13 2 1 32 6 34 14 31 18 31 16 26 15 27 3 3 3 9 3 
34 13 16 5 6 5 33 19 33 16 14 5 5 4 17 5 33 11 27 15 5 5 33 6 19 4 20 6 26 14 22 8 11 5 33 9 30 15 34 17 33 12 1 1 31 5 33 15 31 19 31 17 26 15 26 4 2 2 8 3 
33 13 15 5 7 4 34 18 34 15 13 5 4 4 18 5 33 11 28 15 6 6 32 6 19 4 19 6 26 14 21 8 10 5 34 10 31 16 33 17 34 11 2 1 30 6 34 14 31 18 31 17 25 14 25 4 1 2 8 4 
34 13 14 5 6 4 34 17 33 16 12 5 4 3 17 5 33 12 29 15 5 6 33 5 19 5 20 6 27 15 21 9 9 4 34 9 30 15 33 17 34 11 1 1 29 5 33 15 31 19 31 17 26 15 26 5 1 3 7 5 
33 13 13 5 5 5 34 18 34 15 11 5 3 3 16 5 33 11 28 15 4 5 32 6 19 5 19 6 27 15 22 8 8 3 34 8 31 16 33 17 34 10 2 2 28 5 34 14 31 18 31 17 26 16 25 6 2 3 6 5 
33 12 12 5 5 4 34 17 33 16 10 5 3 3 15 5 34 11 29 15 3 4 31 5 19 4 18 5 26 14 21 7 7 4 34 8 30 15 33 17 34 9 1 2 27 6 33 15 32 19 31 17 25 16 24 6 1 3 6 5 
33 11 11 5 4 4 34 17 34 15 9 4 2 2 14 5 34 10 28 15 2 3 30 6 19 5 17 5 26 14 20 7 6 4 34 7 30 15 34 18 33 9 1 1 26 5 33 15 31 18 31 16 26 15 25 6 1 3 5 5 
34 11 10 6 3 3 33 17 34 15 8 4 2 1 15 5 34 9 29 15 2 3 29 6 19 5 16 5 25 14 19 6 5 3 33 6 30 15 34 18 34 8 1 1 25 4 34 14 32 19 31 17 26 16 24 7 1 2 4 6 
33 12 9 6 3 2 33 17 33 15 8 3 2 2 14 5 33 9 28 15 2 3 28 5 20 4 17 5 26 15 18 5 4 4 32 7 31 15 34 17 34 7 1 1 26 3 33 13 33 19 31 18 25 16 23 7 1 3 5 5 
34 11 10 7 3 3 33 17 33 15 7 2 2 2 13 5 34 8 29 15 1 2 27 5 19 5 16 5 25 14 19 4 4 4 31 8 30 15 33 16 33 6 2 1 25 4 34 14 34 18 32 19 24 15 22 8 1 3 4 5 
34 10 9 8 3 3 33 17 34 15 6 3 2 2 12 5 34 7 28 15 1 2 26 6 19 6 15 5 26 15 18 5 3 5 30 9 31 16 33 16 32 6 1 1 26 4 34 14 34 17 33 19 23 15 21 8 2 3 3 6 
34 9 8 9 3 4 33 17 33 15 5 3 2 2 11 5 33 6 29 15 2 1 25 6 19 5 16 5 27 15 17 5 4 4 30 8 31 17 33 16 31 7 1 1 27 5 33 13 34 18 34 19 24 14 21 7 1 3 4 6 
34 8 9 8 2 3 34 17 34 14 5 4 2 2 10 4 32 6 30 15 2 1 24 7 19 5 15 5 26 15 18 5 5 5 29 7 31 18 34 15 31 8 1 1 27 6 34 13 34 18 33 19 24 15 20 6 1 2 3 5 
34 7 8 7 3 2 33 16 33 13 4 5 2 2 10 5 32 7 31 15 3 1 23 8 19 5 14 5 26 16 19 4 6 6 28 8 31 19 33 15 31 7 1 1 26 6 33 12 33 17 34 19 24 14 19 7 1 3 3 4 
33 6 7 7 2 3 34 15 34 13 3 6 2 1 9 6 31 6 31 16 3 1 22 9 19 5 15 5 26 15 19 3 5 5 27 9 32 19 34 14 32 6 1 2 25 6 33 11 34 17 34 18 24 13 19 6 1 4 4 4 
32 7 6 8 2 3 34 15 33 13 3 5 2 2 10 5 30 6 31 17 3 1 21 8 18 5 14 5 27 15 19 4 4 5 26 9 32 19 33 15 31 5 1 1 24 7 34 11 33 16 33 19 25 14 20 6 1 3 3 3 
31 8 6 7 2 3 34 15 33 12 3 4 2 2 9 5 31 6 31 18 2 1 20 7 17 5 13 5 28 15 19 3 4 5 25 8 32 19 34 14 30 4 1 2 23 8 34 10 33 17 34 18 26 15 19 7 1 3 2 4 
31 9 5 6 3 2 33 16 33 11 3 3 2 2 10 6 30 6 31 19 1 1 20 8 16 5 12 5 27 15 19 4 4 4 26 7 33 19 34 13 30 3 1 2 22 8 34 9 34 17 34 18 26 14 20 6 1 4 2 5 
30 9 4 5 3 2 33 15 34 10 2 4 2 2 9 5 29 7 31 18 2 1 19 9 15 5 11 5 28 15 18 5 4 3 27 7 34 19 33 12 29 4 1 2 21 8 34 8 34 17 33 17 26 15 19 7 1 3 3 6 
30 8 3 4 3 2 33 15 34 9 2 4 2 3 8 6 28 8 31 17 3 1 19 8 14 5 10 5 29 15 19 6 4 2 26 7 34 18 33 11 28 4 1 1 20 9 34 7 33 16 33 17 27 15 19 7 1 4 3 5 
29 9 3 3 3 2 34 15 34 8 2 4 1 2 7 6 28 9 31 18 2 2 19 8 13 5 9 6 30 15 18 5 4 2 25 6 34 18 34 10 27 3 1 1 21 9 33 6 33 16 34 17 28 15 20 7 1 3 4 4 
28 8 2 3 3 2 33 15 34 7 3 4 1 2 7 7 27 9 32 19 2 2 19 9 12 5 8 5 31 16 17 5 4 1 26 6 33 19 33 9 26 4 2 1 21 8 32 7 33 17 34 17 29 15 19 6 1 4 4 3 
27 7 2 4 3 3 33 16 33 6 3 5 1 1 6 6 26 8 31 18 2 2 19 8 11 5 7 5 31 17 16 5 3 1 26 7 34 18 34 9 26 3 2 1 21 7 31 8 33 17 34 17 30 15 18 5 1 3 4 4 
27 7 2 5 3 3 33 15 32 7 3 4 1 1 5 7 25 8 31 19 3 2 20 7 10 4 6 5 31 16 15 5 4 2 26 6 33 19 34 8 25 4 2 1 21 7 30 8 33 17 34 17 30 15 19 4 1 2 5 4 
26 8 3 5 2 3 33 16 31 7 3 4 2 2 4 6 24 7 32 19 3 2 19 6 9 4 6 6 31 17 16 5 4 1 26 7 33 19 34 7 24 3 2 1 22 8 29 8 34 18 34 17 31 15 18 5 1 2 4 4 
25 8 2 6 2 3 34 15 30 8 3 3 1 1 5 5 23 7 31 19 3 1 20 7 10 4 6 6 31 18 15 5 4 2 27 6 33 19 34 6 23 3 2 1 21 8 28 7 34 19 33 17 31 16 19 4 1 2 5 4 
24 7 1 5 2 3 33 15 29 9 3 4 1 1 4 6 24 6 32 19 2 2 19 6 9 5 5 7 31 18 14 5 4 2 26 7 33 19 33 5 22 2 3 2 20 9 29 6 34 18 33 16 31 17 18 5 1 2 4 4 
23 7 2 4 3 3 34 15 28 8 2 5 1 1 4 5 24 6 31 19 2 2 19 5 10 5 6 6 31 18 15 5 4 3 26 6 34 19 32 6 21 2 2 1 20 8 28 7 33 17 33 16 31 16 17 5 1 2 5 4 
23 8 3 4 3 3 34 14 27 9 1 6 1 1 4 5 23 6 32 19 1 3 18 5 9 6 5 5 31 18 14 5 4 4 26 5 34 18 31 5 20 1 3 2 19 7 29 6 34 17 33 15 31 17 16 5 2 3 5 4 
23 9 3 4 2 2 33 13 26 9 1 5 1 1 4 5 23 7 31 19 1 3 18 5 8 7 4 6 31 18 13 5 3 5 27 6 33 17 32 6 21 2 3 2 19 6 28 5 33 16 33 15 31 16 17 5 1 4 6 5 
22 9 3 3 2 2 34 13 26 8 2 4 1 1 4 5 22 8 32 19 1 2 19 5 8 6 3 6 31 18 12 5 4 4 26 6 33 17 31 6 20 3 2 1 19 7 27 5 34 17 34 14 31 17 16 5 2 3 5 5 
21 9 3 3 2 2 33 12 26 9 1 3 1 1 5 4 21 7 31 19 1 2 18 5 8 5 2 5 31 18 11 5 3 5 26 5 33 17 30 6 20 4 3 1 19 6 26 4 33 16 34 15 31 16 15 5 3 2 6 4 
20 9 4 3 2 3 33 11 25 8 1 4 1 1 5 5 20 6 31 19 1 2 17 5 7 5 3 4 32 19 10 4 2 4 27 6 34 17 31 6 19 3 3 1 19 5 27 3 33 15 34 14 31 17 14 5 2 1 5 3 
21 8 4 3 2 2 34 11 24 7 1 3 1 1 4 4 20 7 31 18 1 2 16 5 6 6 3 3 33 19 9 5 2 4 26 6 34 18 31 7 19 4 3 1 18 5 26 3 33 16 33 13 31 16 13 5 2 1 6 4 
21 9 4 3 2 2 34 10 23 8 2 3 1 1 3 5 19 8 32 19 1 2 15 5 7 5 3 3 33 19 8 6 1 4 26 5 34 17 30 6 19 5 3 2 17 5 27 2 33 15 34 13 31 15 12 5 2 1 5 4 
20 8 4 4 3 1 34 9 22 9 1 3 1 1 3 4 20 7 31 19 1 2 16 5 6 6 4 2 34 18 7 6 2 4 25 6 34 17 29 7 18 5 3 2 17 5 26 3 33 16 33 12 30 15 11 5 2 1 5 5 
19 7 3 5 3 1 34 8 23 9 1 3 1 1 2 3 19 6 31 18 1 2 15 5 6 6 5 2 34 18 6 5 1 4 24 6 33 17 29 8 19 4 3 3 17 5 26 4 33 15 34 11 31 16 12 5 2 2 4 6 
20 7 3 5 3 1 34 7 22 9 1 3 1 1 2 3 20 6 32 19 2 1 14 5 7 7 6 1 34 17 7 4 2 4 24 7 33 16 28 8 19 5 3 2 16 5 26 5 34 14 34 10 31 17 11 5 2 2 5 5 
19 6 2 5 4 1 33 6 22 8 1 2 1 1 2 3 19 7 33 19 2 1 13 5 7 6 5 2 33 17 6 5 3 3 23 8 34 15 29 7 18 5 4 3 15 5 27 5 34 13 34 9 31 18 10 4 2 2 5 6 
19 5 3 4 5 1 34 5 21 9 1 3 1 1 2 3 20 7 34 18 2 1 12 5 6 6 5 2 34 17 6 4 2 4 22 9 34 14 29 6 17 5 3 2 14 5 28 4 33 12 34 8 32 19 9 4 3 1 4 6 
19 4 3 4 5 1 33 6 21 8 1 3 1 1 1 2 20 8 34 18 2 1 11 5 7 7 4 2 33 17 5 3 3 3 23 9 34 13 28 5 16 5 4 3 13 5 27 5 33 11 34 7 33 19 10 3 2 2 3 5 
18 5 3 4 6 1 32 6 22 9 1 4 1 1 2 3 20 7 34 18 2 1 10 6 7 6 3 2 34 17 5 2 3 3 23 9 33 13 28 5 17 5 4 3 12 5 28 4 34 11 34 6 34 19 9 3 2 2 4 4 
19 5 2 5 5 1 31 6 21 8 1 5 1 1 1 3 19 6 33 17 1 2 9 6 6 5 4 2 33 16 4 1 3 3 22 8 33 12 28 5 16 5 4 3 11 5 27 5 33 11 33 5 33 19 9 2 2 2 4 5 
19 4 3 4 5 2 30 6 20 7 1 4 1 1 1 3 20 6 34 17 2 1 8 5 5 5 4 2 34 15 3 1 3 3 23 7 34 11 29 5 15 5 3 2 10 5 26 6 34 10 32 4 32 19 8 1 2 3 4 5 
18 5 4 3 4 1 29 6 19 7 2 4 1 1 1 3 19 5 33 16 1 2 8 6 5 4 4 2 34 14 3 1 2 2 23 8 33 11 28 5 14 5 3 2 9 4 27 7 34 9 31 3 33 19 7 1 2 3 3 5 
17 5 4 3 5 1 29 5 20 8 2 4 2 1 1 4 20 4 33 16 1 2 9 7 4 5 3 3 33 15 3 1 2 2 24 8 33 11 27 6 13 5 3 2 8 3 26 6 34 10 30 3 34 18 6 2 2 3 4 6 
16 5 5 3 4 2 28 5 21 7 1 5 2 1 1 4 19 3 33 16 1 1 9 6 4 4 3 4 34 15 4 1 2 2 24 7 33 12 26 7 12 5 3 2 7 4 25 6 33 9 31 3 34 17 5 2 1 3 3 5 
15 5 4 3 4 2 29 6 20 7 1 5 2 1 2 4 20 3 33 15 1 2 8 5 4 4 3 3 34 14 3 1 2 2 24 6 33 11 25 8 11 5 2 3 6 4 26 5 34 8 30 3 33 17 5 2 1 3 4 5 
14 5 4 3 4 2 29 7 19 6 1 5 1 1 2 5 20 4 34 15 1 2 7 6 4 4 3 2 33 13 3 1 2 2 24 7 34 10 24 8 10 4 2 3 5 4 25 6 34 7 29 2 33 16 4 1 1 4 3 4 
13 5 5 3 5 2 28 7 18 5 1 5 2 1 2 6 19 3 34 14 1 3 6 7 4 4 3 2 34 13 3 1 2 2 24 7 33 9 23 8 9 5 2 3 5 5 24 6 34 6 28 1 33 17 4 1 2 4 3 3 
12 5 4 3 5 2 27 6 18 5 1 5 2 1 1 6 19 4 34 15 1 4 5 6 4 4 3 2 33 12 3 1 1 1 24 7 34 8 24 8 8 5 1 2 6 6 23 7 33 5 29 2 33 16 4 2 3 4 3 3 
11 5 5 3 5 1 26 5 17 5 1 5 2 1 2 5 19 5 34 14 1 4 5 5 5 4 2 2 33 11 3 1 1 1 24 6 34 7 23 8 7 4 1 2 6 5 23 7 32 4 29 1 33 15 4 1 2 4 3 3 
10 5 5 2 5 1 27 6 16 5 1 6 2 1 3 5 18 5 34 15 2 3 5 5 4 3 1 3 34 10 3 2 1 1 23 6 33 6 22 9 6 3 1 2 7 5 22 8 31 5 30 1 33 16 4 2 2 4 4 4 
9 4 5 2 6 2 26 5 15 5 2 7 2 1 2 5 17 5 34 14 2 3 4 6 4 3 1 3 33 9 2 2 1 1 23 5 34 6 21 8 6 4 1 2 6 5 21 9 30 4 29 1 33 15 3 1 3 3 3 4 
10 4 4 1 6 1 25 6 14 5 1 8 2 1 2 5 16 5 33 13 2 3 4 5 4 3 1 4 34 9 2 2 1 1 23 4 33 6 22 8 6 4 1 2 5 5 20 8 31 3 28 1 33 16 3 1 3 2 4 4 
9 5 4 1 5 1 24 6 15 5 1 7 2 1 1 6 16 5 34 13 3 3 4 5 3 4 1 4 34 8 2 2 1 1 24 4 32 6 21 9 5 3 1 3 5 6 21 7 30 3 27 2 34 15 4 2 3 2 5 4 
8 5 4 1 6 2 23 7 14 5 2 8 2 1 1 6 17 5 33 12 2 3 4 5 3 4 1 5 34 7 1 2 1 1 23 3 31 5 21 9 4 4 1 3 5 6 21 8 29 3 26 3 34 14 3 1 3 2 5 5 
7 5 5 2 6 1 24 6 13 5 3 8 2 1 2 5 16 5 34 13 2 3 3 6 3 3 2 4 33 6 2 2 1 1 23 2 31 4 20 9 3 5 1 3 4 7 20 8 28 4 25 4 33 13 3 1 3 2 5 4 
6 4 6 3 6 2 23 6 12 5 2 9 2 1 2 5 15 5 34 13 1 2 3 6 4 2 3 4 34 6 2 2 1 1 22 1 30 4 21 9 4 5 1 3 4 6 20 7 27 5 24 4 33 12 3 1 4 1 4 3 
6 4 5 4 5 2 24 6 11 5 1 9 2 1 1 6 14 5 33 13 2 3 2 6 3 3 3 5 33 5 2 2 1 1 21 1 29 3 20 8 5 5 2 4 5 6 19 6 26 5 23 3 34 11 3 1 3 2 4 3 
7 3 5 4 5 2 24 7 10 4 1 8 2 1 2 5 13 5 34 13 2 3 3 7 4 2 4 4 32 6 1 2 1 1 20 2 28 4 21 7 6 6 1 3 4 5 18 5 25 4 22 2 34 10 4 1 3 2 4 3 
6 4 5 5 6 3 23 7 9 4 2 7 2 2 2 4 12 5 33 13 2 3 4 6 3 3 3 5 31 7 1 2 1 1 19 3 27 5 20 6 5 7 1 4 4 5 17 5 24 3 21 1 34 9 3 1 3 2 4 3 
6 5 5 5 7 4 24 7 8 3 1 6 2 2 1 5 11 5 34 13 2 3 3 7 3 3 4 4 30 8 2 1 1 1 19 4 28 5 19 5 6 6 1 3 4 5 16 5 23 3 21 2 34 8 4 2 3 2 3 4 
5 4 5 5 7 5 24 8 8 2 2 5 2 2 1 5 10 5 33 12 1 2 2 6 3 3 5 3 30 9 2 1 1 1 18 5 27 6 19 6 5 6 1 3 4 6 15 5 24 3 20 2 34 7 3 1 3 2 2 4 
4 4 6 4 8 6 24 7 7 1 3 4 2 2 1 6 9 6 33 11 1 2 3 5 4 2 5 3 29 10 2 1 1 1 19 4 26 6 19 5 6 5 2 3 4 6 14 5 25 4 19 3 34 8 4 1 4 3 1 4 
4 4 6 3 7 7 23 8 7 2 3 4 2 2 1 5 8 7 34 10 1 3 2 4 3 3 5 2 29 11 3 1 1 1 20 3 25 6 18 5 5 4 3 2 4 5 13 5 24 4 20 2 34 7 4 1 4 3 1 4 
3 5 7 4 6 6 22 9 6 2 3 4 2 2 2 5 8 6 33 11 1 2 2 4 2 3 5 2 28 11 4 2 1 1 19 4 24 6 19 5 6 5 2 1 4 6 12 5 23 4 19 3 34 6 4 1 4 3 1 4 
4 4 6 4 5 5 21 8 7 3 3 4 2 2 1 5 7 6 34 11 1 3 3 3 2 3 5 1 27 10 3 1 1 1 20 3 23 7 18 5 5 4 3 2 4 5 11 5 23 3 20 2 33 5 4 1 4 3 1 4 
5 3 6 4 4 6 21 7 7 2 3 4 2 2 2 5 6 6 34 10 1 2 2 4 2 3 5 1 28 11 3 1 2 1 19 4 22 8 17 5 6 3 3 2 3 5 10 4 23 2 19 2 34 5 4 2 4 3 1 4 
5 3 6 4 3 6 20 6 7 1 3 4 1 1 1 6 5 5 33 11 1 2 3 3 2 3 5 2 27 10 3 1 2 1 19 4 21 8 18 5 6 3 3 2 4 4 9 4 22 2 19 3 33 4 4 1 5 4 1 3 
5 3 7 5 3 6 19 5 7 2 4 3 1 1 1 5 4 5 34 10 2 2 4 2 2 4 5 1 27 11 3 1 2 1 19 4 21 7 17 5 7 3 3 2 3 5 8 5 21 3 20 2 33 5 4 1 5 4 1 3 
6 3 7 6 4 6 18 5 6 1 4 3 1 1 1 5 5 5 34 11 2 2 4 2 3 3 5 2 27 10 3 1 2 1 19 4 20 7 16 5 7 4 3 2 2 5 8 5 21 3 20 3 33 4 4 1 4 4 1 2 
5 4 6 7 4 5 17 5 7 2 4 3 1 1 2 6 5 5 33 11 1 3 5 3 3 4 5 2 28 9 3 1 2 1 19 5 19 7 15 5 6 5 2 3 1 4 7 5 20 2 20 4 32 4 5 1 4 4 1 2 
6 4 6 6 3 5 16 5 6 3 4 3 1 1 3 7 5 5 34 10 2 2 5 3 3 4 4 1 28 8 3 1 2 1 19 6 19 7 14 5 5 6 3 2 2 4 7 5 20 3 19 3 31 5 4 2 3 3 1 2 
5 4 6 7 4 6 15 5 7 2 4 3 1 1 3 6 6 5 33 9 2 2 5 2 4 4 4 1 28 9 3 1 2 1 19 5 20 6 13 5 5 6 3 2 1 3 8 5 20 3 20 4 31 4 5 1 3 3 2 3 
5 5 6 7 3 5 14 5 6 3 5 3 1 2 2 5 6 4 34 8 2 2 5 2 4 4 4 1 29 8 4 2 2 1 19 5 19 6 12 5 5 7 3 2 1 3 9 6 20 3 19 4 32 4 5 1 3 3 2 3 
5 6 6 7 4 6 13 5 6 3 5 3 1 2 2 5 7 4 34 7 1 1 5 2 4 4 4 1 30 9 4 3 3 1 18 5 19 7 11 5 5 7 3 2 1 3 8 6 19 3 19 4 31 4 6 2 3 4 1 4 
4 5 5 8 4 6 14 5 5 4 4 2 2 3 1 5 6 4 34 6 1 1 5 2 3 3 5 1 29 9 4 3 3 1 17 5 20 6 10 4 6 6 2 2 1 3 7 7 19 3 20 4 31 3 7 1 2 4 1 4 
4 4 5 7 5 5 13 5 5 4 3 2 2 3 1 6 7 4 33 5 2 1 6 3 3 3 6 2 30 8 4 3 3 1 18 5 20 6 9 5 5 6 1 2 1 3 7 6 19 4 19 5 30 4 6 1 3 5 2 5 
4 4 6 7 5 5 12 5 5 4 4 2 2 3 2 6 6 5 33 6 2 2 5 2 3 3 6 2 30 9 4 3 3 1 17 5 19 6 10 4 4 5 1 1 1 3 6 6 19 3 19 5 29 3 5 1 3 4 2 4 
4 4 5 6 4 6 11 5 6 3 3 2 2 3 3 7 6 4 33 5 2 1 5 2 3 3 5 3 29 10 4 3 3 1 16 5 20 6 9 5 3 5 1 1 1 2 7 7 19 4 18 5 28 4 4 1 2 5 2 4 
4 4 4 5 4 7 10 5 5 4 3 2 2 3 3 6 5 5 33 6 2 1 5 1 2 2 5 3 28 9 4 3 3 1 15 5 19 6 9 6 3 4 1 1 1 2 7 6 19 5 18 5 27 5 4 2 1 5 1 3 
4 4 4 5 5 8 9 5 6 3 3 2 2 4 3 5 6 4 32 7 2 1 4 1 2 2 5 3 27 10 3 3 3 1 14 5 19 7 10 7 3 4 1 1 1 2 6 5 20 4 19 4 26 5 5 2 1 5 1 3 
4 4 5 5 4 7 8 6 6 2 4 3 2 4 2 5 6 4 32 6 2 1 4 2 2 2 5 3 27 9 3 3 3 1 13 5 19 6 9 8 3 4 1 1 1 2 6 5 21 3 19 3 26 4 5 2 1 5 2 3 
4 4 6 6 5 6 8 5 6 3 4 3 2 4 1 4 6 4 31 7 2 1 4 2 3 2 5 3 26 9 3 3 3 1 12 5 18 5 9 7 4 5 1 1 1 3 5 4 20 3 20 4 26 5 4 1 1 5 2 3 
4 4 6 5 5 6 7 5 6 2 4 3 2 5 1 4 6 4 32 7 2 1 4 2 3 2 5 2 26 10 3 3 2 2 11 5 17 5 8 8 3 4 1 1 1 3 5 5 20 3 19 4 27 5 5 1 1 5 1 2 
5 3 5 4 4 6 6 6 6 3 4 3 1 6 2 3 6 4 31 7 2 1 4 2 3 2 4 1 27 11 3 3 3 1 12 5 16 5 9 8 4 5 1 1 1 3 5 5 19 3 19 5 27 6 5 1 2 4 1 2 
5 3 5 4 3 5 5 6 6 3 4 3 1 5 2 3 6 5 30 8 2 1 5 2 2 2 4 1 26 10 3 3 3 1 11 5 15 5 10 7 3 4 1 1 1 3 4 4 19 4 18 5 27 5 6 2 1 4 1 2 
4 2 4 5 3 5 4 6 6 4 4 3 1 5 2 3 6 5 29 7 3 2 5 1 2 2 4 1 27 9 3 3 3 1 10 5 14 5 9 6 3 4 1 1 2 4 5 5 19 3 19 5 26 6 6 1 1 4 1 2 
5 2 4 5 3 5 4 7 6 4 4 4 1 5 2 3 6 6 29 8 3 2 5 1 1 3 4 1 26 8 3 3 3 1 9 4 13 5 8 7 3 4 2 1 2 4 5 4 20 3 18 5 25 6 7 2 2 5 1 2 
5 2 5 6 4 6 3 6 6 3 4 3 1 4 2 2 5 5 30 9 3 2 5 1 1 3 4 2 25 8 3 3 3 1 8 3 12 5 8 6 3 4 1 1 2 4 5 4 19 4 17 5 24 6 6 2 2 5 1 2 
5 2 5 6 3 5 2 6 5 3 4 4 1 4 2 1 6 6 29 8 3 2 4 1 1 3 4 2 26 7 2 3 3 1 8 2 11 5 8 5 3 4 1 1 2 4 5 4 18 5 16 5 23 7 6 1 1 6 1 2 
6 3 6 5 4 6 2 5 4 3 4 4 1 5 2 2 5 5 28 9 3 2 5 1 1 3 4 2 27 6 2 3 3 1 7 3 10 6 7 6 3 3 1 1 2 4 5 4 17 5 15 5 24 7 7 2 2 7 1 2 
6 3 5 6 4 6 1 4 5 2 4 5 1 5 2 2 6 4 27 9 3 2 5 1 1 3 4 2 28 5 2 3 4 1 7 3 9 7 7 7 3 3 1 1 3 4 5 4 16 5 14 5 23 8 6 2 2 6 2 1 
5 3 5 5 3 5 2 5 5 2 4 4 1 5 1 2 6 4 26 8 3 2 6 1 1 3 4 3 27 5 2 3 3 1 7 2 8 7 6 7 3 3 1 1 3 4 6 5 15 5 13 5 22 9 6 2 3 6 2 1 
5 3 4 5 3 5 2 4 4 1 5 4 1 4 2 2 6 4 25 8 3 2 5 1 1 3 4 2 26 4 2 3 3 1 7 2 7 6 6 7 3 3 1 1 3 4 6 5 14 5 12 5 21 8 6 3 4 7 2 1 
5 3 4 4 2 5 2 4 5 2 5 4 1 5 1 2 6 4 24 8 4 3 6 1 1 3 4 2 25 4 2 3 3 1 6 2 6 6 5 7 3 3 1 1 3 4 5 5 13 5 11 5 20 8 6 3 5 6 2 1 
5 3 4 5 2 5 1 4 4 1 5 4 1 5 2 2 7 4 23 9 3 2 5 1 1 3 4 2 24 4 2 3 3 1 6 2 6 7 4 8 3 3 1 1 3 5 5 5 12 5 10 4 19 8 7 3 4 7 2 1 
4 3 4 5 3 4 1 4 4 1 4 4 2 4 2 2 6 3 23 8 3 2 5 2 1 3 4 2 23 4 2 3 3 1 6 1 7 8 5 7 3 3 1 2 3 5 5 5 13 5 9 3 19 9 7 2 4 6 2 1 
4 3 3 6 2 5 1 5 4 1 4 4 2 4 2 2 6 3 22 9 3 2 5 1 1 3 5 3 23 3 2 3 3 1 6 1 6 7 5 7 3 3 1 1 3 5 5 4 12 5 8 2 19 8 6 2 5 6 2 1 
3 4 4 5 2 5 1 4 4 1 4 4 2 4 2 2 5 2 21 8 3 2 4 2 1 2 5 3 22 2 2 3 3 1 6 1 7 6 4 7 3 3 1 1 3 5 5 5 11 5 7 3 20 7 7 2 5 6 2 1 
3 4 5 4 2 5 1 5 4 1 4 3 2 4 2 2 5 2 21 9 3 2 4 2 1 3 5 3 21 3 2 3 3 1 5 1 8 6 4 6 3 3 1 1 2 6 6 5 10 6 6 3 19 6 8 3 6 6 2 1 
4 5 5 4 2 5 1 6 4 1 4 4 1 4 1 2 6 2 20 9 3 2 4 2 1 3 5 3 20 4 2 3 3 1 6 1 8 5 3 5 3 3 1 1 3 6 5 5 10 5 6 4 18 5 7 3 5 6 2 1 
4 5 5 4 2 5 1 6 4 1 4 3 1 5 1 2 5 1 21 9 2 2 5 2 1 3 5 3 19 4 2 3 3 1 6 1 7 6 2 4 3 4 1 1 4 6 6 6 9 4 7 4 19 6 7 3 5 6 2 1 
4 5 5 4 1 4 2 6 4 1 4 3 1 5 1 2 4 2 21 8 3 3 6 3 1 3 5 3 18 5 2 3 3 1 6 2 6 5 2 4 4 4 1 1 4 6 6 6 8 4 6 4 20 6 7 3 5 5 3 2 
3 4 5 4 1 4 2 5 4 1 4 3 1 5 2 1 5 1 20 7 3 3 5 2 1 3 5 3 19 5 2 3 2 2 6 1 7 5 2 4 3 5 1 1 4 6 6 6 7 4 6 4 20 6 7 2 5 6 3 2 
4 4 5 4 1 4 3 6 4 1 4 3 1 6 2 1 5 1 20 7 4 2 5 2 1 3 5 3 19 5 2 3 2 2 6 2 8 5 2 4 2 6 1 2 4 5 7 7 8 4 5 5 19 6 7 3 6 5 3 1 
3 3 5 4 2 5 3 5 4 1 3 2 1 5 2 1 5 1 20 6 4 2 6 1 1 3 5 3 18 5 3 4 1 1 6 2 7 6 2 4 2 6 1 2 4 6 8 8 8 3 5 6 19 6 6 3 6 6 3 1 
3 3 5 4 1 4 4 5 4 1 3 2 1 5 2 1 5 1 20 7 5 2 7 1 2 3 5 3 17 5 4 3 1 1 6 2 6 7 2 4 3 6 1 2 5 5 8 7 7 3 6 5 19 5 7 4 7 7 2 2 
4 2 4 4 2 5 4 5 4 1 3 2 1 5 3 1 5 1 20 6 5 2 6 1 3 4 5 3 16 5 4 3 1 1 6 2 5 6 1 3 2 6 1 2 5 5 8 7 6 3 7 6 19 5 7 5 8 8 2 2 
4 2 3 3 2 4 5 4 4 1 3 2 1 4 2 1 5 1 19 6 5 2 7 2 3 4 5 3 17 5 4 3 1 1 7 3 6 7 1 3 3 5 1 2 6 5 7 7 6 3 8 5 18 5 6 6 8 8 2 2 
4 2 3 3 2 4 5 5 3 1 2 3 1 4 2 1 5 1 20 6 5 2 6 1 3 4 5 3 16 5 4 4 1 1 6 2 5 6 1 3 4 6 1 2 6 5 7 6 7 4 9 5 19 5 6 6 7 8 2 2 
4 2 3 3 1 5 5 5 3 1 2 3 2 5 2 1 5 1 20 7 4 1 7 2 3 4 5 3 15 5 4 3 1 1 7 3 6 7 1 3 4 5 1 2 6 4 7 5 6 3 9 6 19 4 7 7 7 8 3 2 
4 2 3 3 1 5 5 4 3 1 2 3 2 5 2 2 6 2 19 6 4 1 7 1 2 4 5 3 14 5 5 2 1 1 7 3 6 6 1 4 4 4 1 2 7 4 8 4 6 3 9 6 19 5 8 6 7 9 3 2 
4 2 3 3 2 6 5 4 3 1 2 3 3 4 2 1 6 1 18 5 5 1 7 2 2 4 4 3 13 5 5 2 1 1 8 2 5 7 1 4 5 5 1 3 6 5 8 3 6 4 8 7 19 5 9 7 8 9 3 2 
4 2 3 3 2 5 5 3 4 1 2 3 4 4 2 1 6 2 17 5 5 1 7 2 1 5 4 3 12 5 5 2 1 2 7 3 4 6 1 4 5 5 1 3 7 5 9 3 6 3 8 6 19 4 9 8 8 8 2 2 
3 1 3 3 3 4 5 4 4 1 2 3 4 4 3 2 6 2 16 5 6 1 7 2 2 6 4 3 11 5 5 2 1 1 7 3 4 5 1 4 5 5 2 4 6 4 8 4 7 4 9 5 20 4 8 9 7 7 2 2 
2 1 4 2 2 5 5 4 4 1 2 3 4 4 3 2 6 2 15 5 5 1 7 1 1 5 5 3 10 4 5 2 1 2 6 3 3 5 1 4 6 5 1 3 6 4 8 4 7 5 8 5 19 4 7 9 6 6 2 2 
2 1 3 3 2 5 4 5 3 1 2 3 4 3 3 2 7 2 14 5 6 1 7 1 1 5 5 3 9 4 5 2 1 1 6 3 3 4 2 4 5 5 1 3 6 4 7 3 7 6 8 5 18 5 6 8 6 6 2 2 
2 1 3 3 3 5 5 6 4 1 1 2 4 2 3 2 6 2 13 5 5 1 7 1 1 4 4 4 9 5 5 2 1 1 6 3 3 4 2 4 5 5 1 3 5 4 7 3 6 5 7 4 17 5 6 9 7 7 2 2 
2 1 3 3 4 6 5 6 3 1 2 3 4 2 3 2 6 2 12 5 6 1 7 2 2 5 4 3 8 5 5 2 1 1 5 3 3 4 2 4 6 4 1 3 4 5 7 3 6 5 7 4 16 5 7 9 6 6 2 2 
2 1 4 4 3 5 5 5 3 1 2 3 4 2 4 1 6 2 11 5 5 1 7 2 1 6 4 3 8 4 5 2 1 2 5 4 3 4 1 4 6 4 1 3 4 5 7 3 6 5 6 3 15 5 7 8 7 5 2 2 
2 1 4 4 3 5 4 6 3 2 2 3 4 2 4 1 6 2 10 5 5 1 7 2 1 7 4 3 8 4 6 1 1 1 5 4 3 3 2 4 5 3 1 3 4 5 7 4 6 5 6 3 14 5 6 7 7 6 2 2 
2 1 3 4 2 5 3 7 3 1 1 2 4 2 4 1 6 2 10 6 5 2 7 3 2 6 4 3 8 4 6 1 1 1 5 5 3 3 1 4 5 3 1 3 4 5 7 4 6 5 6 4 15 5 5 6 6 6 2 2 
2 1 3 4 2 4 3 6 3 1 1 2 3 2 4 1 7 2 10 5 5 1 7 3 3 5 4 3 8 4 7 1 1 1 4 4 3 3 1 5 6 3 1 3 4 5 7 4 5 4 7 5 14 5 4 6 7 7 2 3 
2 1 2 5 2 4 3 7 2 2 1 2 3 2 4 2 7 2 9 5 5 1 6 2 2 6 4 3 8 3 7 1 1 1 4 4 3 3 1 4 5 3 1 3 4 5 6 4 5 5 6 6 13 5 4 6 7 7 2 3 
3 1 2 5 2 4 3 8 2 2 1 2 4 1 4 2 7 2 8 5 5 1 6 1 1 6 5 2 8 4 8 2 1 1 3 4 3 3 1 5 6 3 1 3 4 5 5 4 5 5 5 6 12 5 3 5 7 6 2 3 
3 1 2 5 2 4 4 7 2 1 1 2 4 1 4 3 7 3 8 5 6 2 6 1 2 6 5 2 7 4 7 1 1 1 3 4 3 2 1 4 5 3 1 3 4 5 5 4 5 5 4 6 11 5 4 4 6 5 2 3 
2 2 2 5 1 5 3 6 2 1 1 2 4 2 4 3 7 2 7 5 5 1 6 1 3 5 5 2 7 4 7 1 1 1 3 4 3 3 1 4 5 3 1 3 4 5 6 3 6 4 4 6 10 4 4 4 5 6 2 3 
2 2 1 6 1 5 2 7 2 1 1 2 4 2 4 3 7 2 8 5 5 1 6 2 2 4 4 1 7 3 7 1 1 1 3 4 3 2 1 4 5 4 1 3 4 5 6 3 6 4 5 5 9 3 4 4 6 5 2 3 
2 2 2 5 2 6 3 6 2 1 1 2 4 2 3 3 6 1 7 5 5 1 6 2 2 4 4 1 7 3 7 1 1 1 3 4 3 1 1 4 5 4 1 3 3 5 5 2 6 4 6 6 8 4 5 3 7 4 2 3 
2 2 2 5 1 7 4 6 2 1 1 2 4 2 4 4 7 2 7 5 5 1 6 2 2 4 3 2 6 3 8 2 1 1 3 4 3 1 1 5 5 4 1 3 3 5 4 3 6 5 5 5 8 4 5 3 8 3 2 3 
2 2 2 5 1 6 4 5 2 1 1 2 4 2 4 4 6 1 7 5 5 1 5 2 2 4 3 3 6 3 7 1 1 1 3 4 4 1 1 5 6 4 1 3 2 6 4 3 5 6 5 5 7 4 5 3 8 3 1 4 
3 2 2 5 2 7 4 5 2 1 1 2 4 2 4 4 6 2 7 5 5 1 5 2 2 4 3 3 6 3 7 1 1 1 3 4 3 1 1 5 6 4 2 3 3 5 4 3 5 6 5 5 6 5 5 4 7 2 1 4 
3 2 2 5 2 7 3 6 2 1 1 2 4 2 4 4 6 2 7 4 6 1 4 1 1 3 3 3 6 3 7 1 1 1 3 4 2 2 1 5 6 4 2 3 2 6 4 3 4 6 6 6 6 5 5 3 8 1 1 4 
3 2 2 5 1 6 3 6 2 1 1 2 4 2 4 4 6 2 7 5 5 2 4 1 1 3 3 3 6 3 7 2 1 1 3 5 3 1 1 5 6 4 2 3 2 6 5 4 4 6 5 6 5 5 5 3 8 2 2 4 
3 2 3 4 1 7 3 6 2 1 2 2 4 2 4 4 5 1 7 5 5 2 4 1 1 3 3 3 7 4 7 1 1 1 3 5 3 1 1 4 6 5 2 3 2 7 5 4 5 7 4 5 6 6 4 3 8 1 2 4 
3 2 3 4 2 6 4 6 1 2 2 2 4 2 4 4 6 1 6 4 5 2 4 1 1 3 3 3 6 3 6 2 1 1 3 5 3 1 1 5 5 5 2 3 1 6 5 4 5 7 4 5 6 6 5 3 8 2 2 5 
3 2 3 4 2 7 4 6 1 2 2 2 4 2 4 4 7 2 7 5 5 2 5 1 2 4 4 3 7 4 7 3 1 1 3 5 2 1 1 5 5 6 2 3 1 7 5 4 4 7 3 6 6 6 5 3 8 2 1 4 
3 2 2 5 2 8 4 5 1 2 2 2 3 1 4 4 6 3 6 5 4 1 5 1 2 4 4 3 7 4 6 2 1 1 3 5 2 1 1 5 5 6 3 3 2 6 5 4 5 7 3 6 5 5 6 4 8 1 1 3 
3 2 2 5 2 7 3 4 2 3 2 2 3 1 5 3 6 3 6 5 4 1 6 1 2 4 4 2 7 5 5 2 1 1 3 5 2 1 1 6 5 6 3 3 2 6 5 4 6 6 4 6 5 5 6 4 7 1 1 3 
3 2 1 4 3 6 3 4 2 3 2 2 3 1 5 3 6 3 7 4 4 1 5 1 2 4 4 3 8 6 5 2 1 1 3 5 1 2 1 6 4 5 3 3 1 5 4 4 7 7 4 6 5 5 7 3 6 2 1 3 
3 2 1 4 3 6 3 4 2 3 2 2 2 1 5 3 6 3 8 4 4 1 5 1 2 5 4 3 7 5 5 2 1 1 3 5 1 2 2 6 5 4 4 2 1 5 4 4 6 6 3 7 5 5 6 4 7 1 1 3 
3 2 1 4 4 5 3 4 3 3 3 1 2 1 6 2 7 2 8 3 4 1 6 1 2 5 4 3 7 5 5 2 1 1 3 5 1 2 2 6 5 4 4 2 1 6 4 4 6 5 4 6 5 5 6 4 7 1 2 4 
3 2 1 3 4 5 3 4 2 3 3 1 2 1 6 2 8 2 7 4 5 1 6 1 2 5 5 3 7 5 5 2 2 2 3 6 1 2 2 7 5 4 4 2 1 5 4 4 7 6 4 6 6 6 6 4 8 1 2 4 
3 2 1 3 5 5 3 4 3 3 3 1 2 1 6 2 7 3 6 3 4 1 7 1 2 5 4 3 6 5 5 2 2 2 3 7 1 1 1 6 5 4 4 2 1 4 4 4 7 7 4 6 5 6 6 4 9 1 2 4 
3 2 1 3 5 5 3 4 3 3 3 1 1 2 6 1 7 4 6 3 4 1 7 1 2 5 4 3 6 5 5 2 2 2 4 7 1 1 1 5 5 4 5 1 2 3 4 4 6 6 3 5 4 5 5 3 8 2 2 4 
2 1 1 3 5 5 3 4 3 3 3 1 1 2 6 1 8 5 6 3 4 1 6 2 2 5 4 3 6 5 4 2 2 2 3 8 1 1 1 5 6 4 5 1 1 4 4 4 6 6 3 6 5 6 5 3 8 1 2 4 
2 1 1 3 4 5 3 4 3 3 3 2 1 2 6 1 7 6 6 3 4 1 7 2 3 5 4 3 7 5 4 2 2 2 2 7 1 1 2 6 5 4 5 2 2 3 4 4 6 6 3 6 4 7 5 3 7 1 2 4 
3 1 1 3 4 6 3 4 3 3 3 2 1 2 6 1 6 5 6 4 4 1 7 3 2 5 4 3 7 5 4 2 2 2 3 8 1 1 1 6 5 4 5 1 1 4 4 4 5 5 3 6 5 6 5 3 6 2 1 5 
3 1 1 3 4 6 3 4 3 3 2 3 1 2 6 1 6 5 6 3 4 1 7 4 2 5 4 3 7 6 5 2 2 2 3 8 2 1 2 6 4 5 5 1 1 4 3 5 6 6 2 7 4 7 5 3 7 2 2 4 
3 1 1 3 5 5 3 4 3 3 3 2 1 2 6 1 5 4 6 3 4 1 6 4 1 6 4 3 6 7 4 2 1 1 3 7 2 1 3 6 4 5 5 1 1 4 4 4 5 6 1 8 4 7 6 2 7 3 1 5 
3 1 1 3 6 6 2 4 3 3 3 2 2 3 5 2 5 4 5 3 4 1 6 5 1 6 4 3 7 7 4 2 2 2 2 6 2 1 3 5 4 5 5 1 1 4 4 4 5 7 1 7 5 8 7 1 7 2 2 5 
3 1 1 3 5 6 2 4 3 4 3 2 1 2 6 1 5 5 6 4 4 1 6 5 1 6 4 3 6 7 4 2 1 1 2 6 2 1 4 6 4 5 5 1 1 5 4 4 4 7 2 8 6 8 6 2 6 3 3 6 
3 1 2 3 5 6 1 4 3 3 2 2 1 2 6 1 6 6 5 3 4 1 7 6 1 6 5 2 6 7 4 2 1 1 2 5 2 1 4 6 3 5 5 1 1 5 4 4 3 8 2 8 5 7 7 2 5 4 3 6 
3 2 2 3 5 6 1 3 3 3 2 2 1 2 6 2 5 5 4 3 4 1 7 6 2 7 5 2 7 7 4 2 1 1 2 5 2 1 4 6 2 4 5 1 2 6 3 4 2 9 2 8 6 8 6 3 5 4 4 5 
3 2 2 3 6 6 1 4 4 4 2 2 1 2 5 3 5 5 4 3 4 1 6 5 1 6 5 2 7 7 4 2 1 1 2 5 3 1 3 6 2 4 6 1 2 6 3 5 3 8 1 7 7 8 7 2 6 4 4 5 
3 2 2 3 5 6 1 4 4 4 1 3 2 1 5 4 5 5 4 3 5 1 7 5 1 5 5 2 7 6 3 3 1 1 2 5 3 1 4 6 2 4 6 2 2 6 3 4 3 7 2 7 6 8 7 3 6 3 4 5 
4 1 1 2 6 5 1 4 4 4 1 3 2 2 5 4 6 6 4 3 5 1 7 5 1 6 5 2 8 7 4 2 1 1 2 5 3 1 3 5 2 4 5 3 2 6 3 4 2 8 2 7 7 7 8 4 6 3 4 5 
3 2 1 2 6 5 1 4 4 4 2 3 2 2 5 4 5 6 4 3 6 2 7 5 1 7 5 2 9 8 4 2 2 1 1 5 3 1 3 6 2 4 6 4 2 6 3 3 2 8 3 8 8 6 9 5 7 3 5 5 
4 1 1 2 7 6 1 4 4 4 2 3 2 2 5 4 5 6 4 3 5 1 6 6 1 6 5 2 8 8 4 2 1 1 1 5 3 1 3 6 1 3 5 3 2 5 3 4 2 7 3 7 7 7 9 6 7 2 4 5 
4 1 1 2 7 5 1 4 4 4 2 3 2 1 5 4 5 5 3 2 6 2 6 6 1 7 5 2 8 7 4 2 1 1 1 5 3 1 4 7 2 4 5 3 2 5 3 3 2 6 3 7 6 7 8 5 6 3 4 5 
4 1 1 2 7 6 1 4 3 5 1 3 2 1 5 4 6 4 3 2 5 1 6 5 2 7 4 3 8 7 4 2 2 2 1 6 3 1 4 6 2 4 5 3 2 5 3 4 2 6 3 7 7 7 8 4 6 3 4 5 
5 2 1 2 7 5 2 3 3 5 1 3 1 1 5 4 5 5 3 2 5 1 7 4 3 6 4 3 9 8 3 3 2 2 1 6 3 1 5 6 2 4 4 4 2 5 3 4 1 5 3 7 6 7 8 4 6 3 4 5 
5 3 2 1 6 5 1 4 4 6 1 3 1 1 5 4 6 4 3 2 4 1 8 3 2 6 4 3 10 7 4 2 2 2 2 7 3 1 4 7 2 4 4 4 2 5 3 4 1 5 3 7 5 7 8 5 7 2 4 5 
6 2 2 1 6 5 2 3 4 6 1 3 1 2 5 4 6 4 3 2 5 2 7 3 3 6 4 3 10 6 3 3 2 2 2 7 3 1 5 6 3 5 4 4 2 5 3 4 1 6 4 8 5 7 7 5 7 2 5 5 
5 1 2 1 6 5 2 3 4 7 1 4 1 2 6 3 6 4 3 2 4 1 7 4 3 6 4 3 9 5 3 3 1 1 2 7 4 2 6 7 2 4 4 5 2 5 3 4 2 6 3 7 5 7 6 6 6 1 5 5 
5 1 2 1 5 4 2 3 4 7 1 4 1 2 6 2 7 5 3 1 4 1 7 3 3 5 4 3 8 5 2 2 1 1 1 6 5 2 7 7 1 3 4 4 2 5 3 4 2 6 3 7 4 6 5 6 7 2 5 5 
5 1 3 2 5 4 2 3 4 7 1 4 1 2 6 1 7 5 3 1 4 1 6 4 3 5 4 3 8 4 3 3 1 1 1 6 4 2 6 6 1 3 4 4 2 4 3 4 1 5 3 6 5 7 6 7 6 3 4 5 
5 1 2 1 6 5 2 3 4 6 1 4 1 2 6 2 7 5 3 1 5 2 5 5 3 5 4 3 7 4 3 3 1 1 2 5 4 2 5 6 2 2 4 4 2 4 3 4 2 6 3 6 5 7 7 8 6 3 4 5 
5 1 2 1 7 6 3 2 4 7 1 3 1 2 6 2 6 6 3 1 5 2 5 4 3 5 4 3 6 4 3 3 1 1 1 5 4 1 5 6 2 2 4 4 2 4 3 4 1 6 3 7 5 7 7 7 5 3 4 5 
5 1 2 1 6 7 3 2 4 7 1 3 2 3 7 1 6 5 4 2 5 2 5 4 4 6 4 3 7 4 3 3 1 1 1 4 4 1 5 5 2 2 4 4 2 4 3 4 2 6 3 6 6 8 7 7 6 3 4 5 
6 1 2 1 6 7 3 2 3 7 1 3 2 3 7 1 5 6 3 1 5 3 5 4 4 6 4 3 6 4 3 3 1 2 1 4 4 1 6 6 2 2 4 4 2 4 3 5 1 5 2 5 5 7 8 8 6 3 4 5 
6 1 2 1 7 7 3 2 3 7 1 3 2 3 8 1 5 6 4 2 5 3 5 4 3 6 5 2 7 3 3 3 1 1 1 4 4 1 5 5 2 2 3 4 2 4 3 5 2 6 2 5 4 8 8 7 7 4 4 5 
5 1 1 2 7 6 3 2 4 6 1 3 2 3 7 1 6 6 3 1 5 3 5 4 2 7 4 3 6 2 3 3 1 1 1 4 4 1 5 5 2 2 3 4 1 5 3 5 2 6 2 5 5 8 8 7 6 4 4 4 
5 1 2 1 7 6 3 2 4 6 1 3 2 3 7 2 6 5 4 2 5 3 5 4 1 7 4 3 6 3 3 3 1 1 1 4 5 2 5 5 2 2 3 4 2 4 4 5 1 6 2 5 6 7 8 8 7 3 4 4 
4 1 1 2 7 5 3 2 5 6 1 3 2 3 7 2 6 5 3 1 5 3 6 4 2 6 4 3 6 2 3 3 1 1 1 5 5 2 5 5 2 2 3 5 2 4 4 5 2 7 2 5 6 6 7 8 7 3 4 4 
5 1 2 1 8 5 3 2 5 6 1 3 1 4 6 1 7 6 3 1 5 3 6 4 3 6 4 3 6 3 4 2 1 1 1 6 5 2 5 4 2 2 3 5 2 4 4 6 2 7 3 4 5 7 6 9 7 4 4 4 
5 1 2 1 9 5 3 2 5 6 1 3 2 3 6 1 6 7 3 1 6 2 6 4 3 6 4 3 6 3 4 1 1 2 2 5 5 2 4 5 2 2 2 6 2 4 5 5 3 7 3 3 6 6 6 8 6 5 4 4 
5 1 1 1 9 6 3 2 4 7 1 4 2 3 7 1 5 7 4 2 5 3 6 4 4 6 4 3 5 4 4 1 1 2 2 5 5 2 4 5 2 2 2 6 3 5 5 5 3 8 3 4 6 6 7 7 7 6 4 4 
5 1 2 1 8 6 3 3 4 7 1 5 2 3 6 1 5 8 3 1 6 2 6 3 3 6 4 3 5 4 4 1 1 2 2 5 5 2 4 5 2 2 1 6 2 4 6 5 3 7 3 4 5 6 6 7 7 5 4 4 
5 1 1 1 7 6 3 3 4 6 1 4 1 3 7 1 6 8 3 2 5 3 6 3 3 5 4 2 5 4 4 1 1 2 2 5 5 2 4 5 2 2 2 6 2 4 5 5 2 7 3 4 6 6 6 7 7 4 4 4 
6 1 1 1 7 7 3 3 5 7 1 4 1 3 7 2 6 8 3 2 5 3 6 2 3 6 3 1 5 4 4 1 2 1 1 5 4 3 4 5 2 3 1 7 2 4 5 6 2 7 3 4 6 5 7 8 7 5 4 4 
5 1 2 2 6 7 3 3 5 7 1 4 1 3 6 3 7 9 3 2 5 3 6 2 2 5 3 1 5 5 5 2 2 1 1 5 4 2 4 5 1 2 2 6 2 4 5 6 2 8 3 4 6 6 7 8 6 4 3 5 
5 1 2 2 7 7 3 3 4 6 1 4 1 3 5 4 8 10 3 2 5 3 6 1 3 6 4 1 5 5 4 3 1 1 1 6 4 2 4 5 2 3 2 6 2 4 6 5 1 7 3 4 6 6 6 9 6 4 4 4 
6 2 2 1 6 7 3 3 3 5 1 4 1 3 5 4 9 9 3 2 5 3 6 1 3 6 3 1 5 5 5 2 1 1 1 5 4 2 5 6 1 2 3 7 2 5 7 4 1 8 3 4 5 7 6 8 6 3 4 4 
7 1 2 2 6 7 3 3 3 5 2 3 2 4 5 4 8 8 3 2 5 3 5 1 2 6 3 1 4 5 4 1 1 1 1 5 4 2 4 6 1 2 2 7 2 5 6 5 1 7 3 4 6 6 7 8 6 4 4 3 
6 1 2 2 7 6 3 3 3 6 1 3 2 4 6 3 9 8 3 2 5 3 5 2 3 7 2 1 4 5 4 1 1 1 1 6 4 2 4 6 1 2 2 7 1 4 6 5 1 7 3 4 5 6 7 7 5 5 4 4 
5 1 2 2 8 6 4 3 3 6 2 3 3 5 6 4 8 8 3 2 5 3 5 2 2 6 2 1 4 5 4 1 1 1 1 5 3 1 4 6 1 2 2 7 1 4 5 4 1 7 3 4 6 6 7 8 5 5 4 4 
6 1 3 3 7 5 4 3 3 6 2 3 3 5 6 4 9 7 3 2 6 3 5 2 2 5 2 1 5 6 4 2 1 1 2 4 3 1 4 6 1 3 3 7 1 4 5 4 1 6 3 4 6 5 8 7 5 5 4 4 
5 1 2 2 7 5 4 3 2 6 1 2 3 5 7 4 8 8 3 2 5 3 4 1 2 5 2 1 6 6 4 2 1 1 1 5 3 1 4 6 1 3 2 8 1 4 5 4 1 6 3 4 7 6 7 7 4 5 4 4 
5 1 2 2 8 5 4 3 2 6 2 3 3 5 6 4 7 9 3 2 5 2 4 1 3 6 2 1 5 5 4 2 1 1 2 4 3 1 4 6 1 3 1 8 1 4 5 4 2 7 3 3 6 5 6 8 4 5 4 4 
6 2 2 2 9 5 4 3 1 5 2 3 3 5 6 4 7 8 3 2 5 2 4 1 3 6 1 2 5 5 5 3 1 1 3 4 3 1 3 7 1 3 2 8 2 5 5 4 1 6 3 3 6 5 6 7 5 6 4 4 
5 1 2 2 8 5 4 3 1 5 2 3 3 5 6 4 6 8 3 2 5 2 4 2 3 6 1 2 4 6 5 3 1 1 3 4 2 1 3 7 2 4 3 8 1 4 5 4 2 6 3 3 7 4 7 7 4 5 4 4 
5 1 2 2 7 6 4 3 1 6 1 3 3 5 6 4 6 9 3 1 5 2 4 1 2 5 1 2 5 6 6 2 1 1 3 4 2 1 2 7 2 4 3 9 1 4 6 3 2 6 3 3 6 5 6 7 4 5 5 5 
5 1 2 2 7 6 4 3 1 5 2 3 3 6 6 4 7 8 3 2 5 2 4 2 2 5 1 2 4 6 5 3 1 1 3 4 2 1 2 7 2 4 2 8 1 4 5 4 2 6 3 3 7 5 7 7 4 5 4 4 
6 1 2 2 8 6 4 3 1 5 2 3 3 6 6 4 8 7 3 2 5 2 4 1 2 5 1 2 3 5 6 3 1 1 3 4 3 1 1 6 1 3 3 9 1 4 5 4 2 6 3 3 6 5 6 8 5 6 5 5 
6 1 2 2 7 5 4 2 1 5 2 3 4 7 5 3 7 6 3 2 5 2 5 1 2 5 1 2 3 5 6 3 2 1 4 4 3 1 2 7 1 3 2 8 1 4 5 4 1 7 2 4 6 6 7 7 4 6 4 5 
6 1 2 2 6 4 4 2 1 6 2 3 4 8 5 3 8 7 3 2 5 2 4 1 2 5 1 2 3 5 6 2 1 1 4 4 3 1 3 7 1 3 2 8 1 4 4 3 2 6 3 3 5 5 6 7 3 6 3 4 
7 2 2 2 6 4 4 2 1 6 2 4 4 7 6 3 7 7 3 2 5 2 4 1 2 5 1 2 3 5 5 1 1 1 4 4 2 1 3 7 1 3 1 8 1 5 5 4 1 7 3 3 6 5 5 6 4 6 3 4 
6 1 2 3 7 5 4 2 1 6 2 4 5 7 5 3 8 6 4 3 5 2 4 1 2 5 1 2 3 6 6 2 1 1 4 4 3 1 2 6 1 3 2 8 1 4 5 4 1 7 3 3 5 5 5 6 4 5 3 4 
6 1 3 2 6 4 4 2 2 7 2 4 6 6 5 3 7 7 4 3 5 1 4 1 2 5 2 1 3 6 6 3 1 1 3 5 3 1 1 5 1 3 1 9 1 4 5 4 1 7 2 2 5 5 6 5 4 5 3 4 
6 1 2 3 6 4 4 2 3 8 3 3 6 7 6 2 7 7 4 3 5 1 4 1 1 6 1 2 4 6 5 2 1 1 3 5 3 1 2 6 1 3 2 8 1 4 5 4 1 7 2 2 4 4 7 5 4 5 3 4 
7 2 2 3 6 4 4 2 3 7 3 3 5 6 6 2 7 8 3 2 5 1 4 1 1 6 1 2 5 5 5 2 1 1 3 5 3 1 2 5 1 3 3 9 1 4 5 3 2 7 2 1 4 4 6 5 4 5 2 4 
8 2 2 3 7 5 4 2 4 6 3 3 5 7 6 3 7 7 4 3 6 1 4 1 1 6 1 2 5 4 5 2 1 1 3 5 3 1 3 6 1 3 4 8 1 5 5 3 2 7 2 2 4 4 6 5 3 4 2 4 
7 1 1 4 6 6 4 2 5 5 3 3 4 7 6 3 6 7 4 3 5 1 3 2 1 6 1 2 5 4 5 2 1 1 3 5 3 1 3 6 1 3 4 8 2 6 6 4 2 7 2 1 4 5 7 6 3 4 2 5 
6 1 1 4 6 5 5 3 5 5 3 3 5 6 6 2 7 7 4 3 5 1 2 3 1 6 1 2 4 4 4 1 2 2 3 5 3 1 3 7 1 3 5 7 1 5 6 4 3 8 2 1 4 5 7 6 3 4 2 4 
6 1 1 4 6 5 6 3 6 6 3 3 6 7 7 2 7 7 4 3 5 2 3 2 2 6 1 2 4 4 4 2 2 2 3 5 3 1 3 7 1 3 5 7 1 5 5 4 4 7 1 1 4 6 7 6 3 4 2 5 
5 1 1 4 5 6 6 2 7 5 3 3 7 8 7 3 7 7 4 3 5 2 3 2 2 6 1 2 5 5 4 1 2 1 4 5 3 1 3 7 1 3 6 8 1 6 5 3 5 8 1 1 3 6 8 7 2 3 2 4 
5 1 1 5 6 6 6 3 7 4 3 3 6 7 8 4 7 7 4 4 5 2 3 2 2 5 1 2 5 4 4 2 2 1 4 5 3 1 4 6 1 3 5 7 1 6 5 3 5 8 2 2 3 6 8 6 2 3 3 4 
6 2 1 4 7 5 6 4 8 5 2 4 5 6 8 4 6 8 4 4 4 1 3 2 2 5 1 2 5 4 4 3 2 1 4 5 3 1 3 7 1 3 5 7 1 7 5 3 4 8 1 1 3 6 8 6 2 3 3 5 
6 2 1 5 6 5 5 5 7 4 2 4 4 6 7 3 6 7 4 4 5 2 3 2 2 5 2 2 5 4 3 3 2 1 3 4 3 1 3 7 1 3 6 6 2 6 4 2 4 7 1 1 3 6 7 7 2 3 3 5 
7 1 1 5 6 5 5 5 7 4 2 4 4 6 6 3 5 6 4 4 4 1 4 3 1 4 2 2 5 4 3 3 1 2 3 4 3 1 2 7 1 3 7 5 1 7 4 2 5 7 1 1 3 6 7 6 2 3 4 5 
6 1 1 5 6 5 5 5 6 4 2 4 3 5 5 3 6 6 4 4 5 2 4 3 1 4 2 2 5 4 3 3 1 2 3 4 2 1 2 6 1 3 7 5 1 7 3 2 5 8 1 1 2 5 7 6 2 3 4 5 
6 2 1 6 6 5 4 6 6 4 2 4 3 5 5 3 5 6 4 4 4 2 4 3 1 4 2 2 6 3 3 3 1 2 3 4 3 1 3 7 1 3 7 4 1 7 3 2 6 8 1 1 2 5 7 7 2 3 3 6 
6 1 1 6 7 5 4 6 5 4 2 4 4 5 5 3 5 6 5 5 4 1 5 2 1 5 2 2 6 3 3 3 1 2 3 4 2 1 3 7 1 3 8 3 1 7 3 2 7 9 1 1 2 5 6 6 2 3 2 6 
6 2 2 7 8 6 4 6 5 4 2 4 4 4 5 3 6 7 6 5 4 1 5 2 1 5 2 2 6 3 4 2 1 2 4 3 3 1 3 6 1 4 7 4 2 8 3 2 6 10 1 1 3 5 6 6 2 3 2 6 
6 2 2 7 7 7 4 7 5 5 1 3 3 3 6 4 7 6 6 5 5 1 5 2 2 5 2 2 6 3 4 2 1 2 3 4 3 1 4 5 1 4 8 3 1 7 3 2 7 9 2 1 3 5 6 6 2 3 1 6 
5 3 2 6 6 7 3 6 5 5 2 4 3 3 5 4 7 5 6 5 4 1 5 2 1 5 2 2 6 3 4 2 1 2 3 4 3 1 4 4 1 4 8 2 1 7 4 3 8 8 1 1 3 5 6 6 2 3 1 6 
5 3 2 6 7 8 2 7 5 5 2 4 3 3 6 4 7 6 6 5 4 1 6 2 2 5 1 3 6 3 4 2 2 1 3 4 3 1 4 4 1 4 9 2 1 7 3 2 8 8 1 1 4 5 5 7 2 3 1 6 
5 3 2 6 6 7 3 7 5 6 3 5 3 3 5 4 6 6 6 5 4 1 6 1 2 5 1 3 5 2 4 3 2 1 3 4 3 1 4 4 1 5 9 3 1 8 3 2 8 9 2 2 4 5 4 6 2 3 1 6 
6 4 2 6 7 7 3 6 4 7 2 4 3 3 6 3 6 6 7 6 4 1 7 2 1 4 1 3 5 2 4 3 2 1 3 4 3 1 5 5 1 5 8 3 1 7 4 2 7 9 1 1 4 5 4 6 1 2 2 7 
6 4 2 6 6 8 2 5 3 7 2 4 3 2 5 4 6 6 7 5 4 1 6 2 2 3 1 3 5 1 4 3 2 1 3 4 3 1 5 5 1 5 7 3 1 6 4 2 6 9 1 1 4 4 3 5 2 2 2 7 
6 5 3 6 5 7 1 4 3 7 2 4 3 2 5 3 5 6 7 6 4 1 6 2 2 3 1 2 5 2 3 3 2 1 3 4 3 1 5 5 1 5 7 4 1 7 4 2 5 8 1 1 4 4 3 5 2 2 2 7 
7 5 3 6 4 6 1 4 2 8 2 4 3 2 4 3 4 5 6 6 5 1 6 3 1 3 1 2 5 2 3 3 2 1 3 4 3 1 5 4 2 6 8 5 1 7 4 2 4 7 1 1 4 4 3 5 2 2 1 6 
6 4 3 6 3 7 1 4 2 8 1 5 4 1 4 3 5 5 7 7 5 1 6 3 1 3 1 2 5 2 3 3 2 1 3 4 3 1 5 4 2 5 8 4 2 7 4 2 4 8 1 1 5 3 3 5 2 3 1 6 
7 5 4 5 4 7 1 4 1 8 1 5 4 1 4 3 5 5 6 6 6 1 6 3 1 3 2 2 6 2 3 3 2 1 4 4 3 1 5 4 2 5 7 4 1 7 4 2 5 8 1 1 5 3 2 4 3 2 2 6 
6 4 5 6 4 7 2 3 2 8 1 6 5 1 4 3 6 5 6 6 6 1 6 3 1 3 1 2 5 2 3 3 2 1 4 4 3 1 5 4 3 4 7 3 2 7 4 2 6 8 1 1 5 3 3 5 3 2 3 6 
6 4 5 6 4 7 2 3 1 7 2 6 5 1 4 3 7 5 6 6 7 1 6 3 1 3 2 2 5 2 2 4 2 1 4 5 3 1 5 5 2 5 7 4 1 8 4 1 5 7 1 1 6 2 3 5 3 2 4 6 
6 5 5 6 4 8 2 3 2 8 2 6 5 1 4 3 7 6 6 6 6 1 6 3 1 3 2 2 5 3 3 3 2 1 3 4 4 2 4 4 1 4 8 4 1 8 4 1 6 8 1 2 6 2 3 5 3 2 3 6 
6 4 5 5 5 9 2 3 1 7 1 5 5 1 4 3 8 6 6 6 7 2 7 4 2 4 1 1 5 3 3 3 2 1 3 4 4 2 4 4 2 5 7 3 2 7 4 1 7 9 1 2 5 2 4 5 3 1 4 6 
5 4 5 5 5 8 1 4 2 8 1 5 6 2 4 3 8 5 5 6 7 2 6 5 1 3 1 1 5 3 3 3 2 1 3 4 3 2 3 5 2 5 6 3 3 6 4 1 7 8 1 2 6 1 4 5 2 2 4 6 
4 4 5 5 5 8 1 4 1 7 1 5 5 2 4 2 7 4 5 7 8 1 6 6 1 3 1 1 5 3 3 3 2 1 2 3 3 1 3 5 2 4 6 4 3 6 4 1 6 9 1 2 5 1 4 5 2 2 4 7 
4 3 5 4 4 9 2 5 1 7 2 6 6 2 4 2 6 3 5 6 9 2 7 7 1 3 1 1 5 3 3 3 3 2 2 3 3 1 3 5 3 4 6 5 3 6 4 1 7 10 1 2 5 1 4 5 2 2 4 6 
4 3 4 4 5 8 2 5 1 6 1 5 6 1 4 2 6 3 5 6 8 1 6 6 1 4 1 1 5 3 3 3 3 2 2 3 2 1 2 4 3 4 6 5 2 7 5 2 7 11 1 2 5 1 4 5 2 2 5 5 
4 3 4 4 6 7 3 6 1 7 2 6 7 2 4 2 6 2 4 6 7 1 7 6 1 4 1 1 5 3 3 3 3 2 2 3 3 1 2 4 3 5 6 5 2 7 5 2 7 10 1 2 4 1 5 4 1 3 5 5 
3 4 4 5 5 7 3 6 1 6 2 5 7 3 4 2 6 1 4 6 7 1 7 5 1 5 2 1 6 3 2 2 3 2 2 3 3 1 2 4 3 5 6 4 2 7 5 1 8 9 1 2 4 1 5 4 1 3 5 5 
3 3 4 4 6 6 4 7 1 7 2 5 6 2 4 3 5 2 5 6 7 1 7 5 1 4 2 1 5 3 2 2 3 2 2 3 3 1 2 4 3 5 6 4 2 6 5 1 8 8 1 1 4 1 5 4 1 3 6 5 
3 3 4 4 6 6 4 7 1 6 3 4 7 3 4 3 4 2 4 5 6 1 8 6 1 5 2 1 5 3 2 2 3 2 2 3 3 1 2 4 3 5 7 4 3 6 5 1 9 9 1 2 4 1 5 5 1 3 6 5 
3 3 4 4 7 7 3 7 2 6 3 4 6 2 4 3 5 2 5 6 6 1 8 7 1 5 1 1 5 3 2 2 3 2 2 3 3 1 2 4 3 5 6 4 2 5 5 1 8 8 1 2 4 1 5 4 1 4 6 5 
3 3 4 4 6 8 3 6 2 6 3 4 7 1 4 2 5 2 5 6 7 2 7 6 1 6 1 1 5 3 2 1 3 2 2 3 3 1 2 4 3 5 7 5 2 5 5 1 7 9 1 2 4 1 4 5 1 3 6 6 
3 3 5 4 5 7 4 7 3 7 3 4 7 1 4 3 5 2 5 5 6 1 7 6 1 5 1 1 6 2 2 1 3 2 2 2 3 1 2 4 4 6 6 5 2 5 5 1 7 8 1 2 4 1 4 5 1 4 6 7 
3 3 4 4 5 7 4 7 3 7 2 3 7 2 4 3 5 3 6 4 6 1 8 5 2 6 1 1 6 2 2 1 3 2 1 3 3 1 2 4 3 5 5 6 3 6 4 2 6 8 1 2 4 1 4 5 1 4 6 7 
3 3 4 4 6 6 4 7 4 6 2 3 7 2 4 3 5 2 6 3 6 1 7 5 2 6 1 1 6 2 2 1 3 2 1 3 2 2 2 4 3 4 5 5 2 5 4 2 7 7 1 2 5 1 5 4 1 4 5 8 
3 3 4 5 7 6 4 7 4 6 2 3 8 1 4 3 4 1 6 3 7 1 7 4 3 6 1 1 5 3 2 1 3 1 1 3 2 2 1 5 3 5 5 5 2 5 4 2 6 7 1 2 5 1 5 4 1 4 4 8 
3 3 4 5 7 5 4 7 5 6 2 3 8 2 4 3 5 2 6 3 7 1 6 4 3 6 1 1 6 2 2 1 3 1 2 4 3 2 1 5 3 4 5 5 2 5 4 2 6 6 1 2 5 1 4 4 1 4 3 7 
3 3 4 5 6 5 4 7 6 7 2 3 7 3 4 3 5 2 5 4 7 1 7 4 3 6 1 1 6 1 2 2 3 1 2 4 3 2 2 6 3 5 5 5 1 6 4 2 7 7 1 2 4 1 4 4 1 3 4 6 
3 4 4 5 7 5 5 7 5 6 2 3 6 2 4 3 5 2 5 3 8 2 6 4 3 6 1 1 6 1 2 1 3 1 2 4 3 2 2 5 3 5 6 6 1 7 4 2 7 8 1 2 5 1 4 4 1 4 4 6 
3 4 4 5 7 4 5 8 5 6 2 3 7 3 4 3 5 2 6 3 7 1 5 5 2 6 1 1 7 2 2 2 3 1 3 3 3 2 1 5 3 5 6 6 1 7 4 2 8 8 1 2 4 1 4 4 1 3 4 6 
2 4 3 6 6 4 4 8 6 5 1 4 7 3 4 3 5 3 6 3 6 1 5 5 2 6 2 1 6 2 2 2 3 1 3 3 3 2 1 5 3 5 6 6 1 6 5 1 7 7 1 2 4 1 5 4 1 3 4 7 
2 4 4 5 7 5 3 7 5 6 1 4 7 4 4 3 5 3 5 2 6 1 5 5 2 6 2 1 7 2 1 1 4 2 3 3 3 2 2 5 4 4 6 6 1 6 5 1 6 7 1 2 4 1 5 4 2 3 4 7 
1 3 3 4 6 4 3 7 4 6 1 5 7 4 4 3 5 3 6 2 6 1 5 5 2 6 2 1 7 2 1 1 3 1 2 2 3 2 3 5 4 4 6 5 2 7 5 1 5 7 1 2 4 1 5 4 2 3 3 6 
1 3 3 4 6 3 4 7 4 6 1 4 7 5 3 3 5 3 6 2 6 1 6 6 2 5 2 1 7 1 1 1 3 1 2 2 3 2 3 5 4 4 6 5 1 8 5 2 5 7 1 2 4 2 5 4 2 4 4 5 
1 3 3 4 7 4 3 6 5 5 2 3 6 4 3 3 5 3 6 2 5 1 6 6 1 5 2 1 8 1 1 1 4 1 2 2 4 3 2 6 4 4 6 5 2 7 5 2 5 6 1 2 4 2 5 4 2 4 4 5 
1 4 3 4 7 3 4 6 5 5 2 3 6 4 3 3 5 3 7 1 6 1 6 7 1 5 3 1 7 2 1 1 4 1 2 2 3 2 3 5 4 4 7 6 1 6 5 2 5 6 1 2 4 2 6 3 2 5 4 5 
1 4 3 4 7 3 3 6 6 6 1 3 6 4 4 3 5 3 6 2 6 1 6 7 1 5 3 1 7 2 1 1 5 1 2 2 3 2 3 5 4 4 8 5 2 6 5 2 5 7 2 1 4 2 6 3 2 4 5 4 
1 4 3 4 7 3 3 6 6 6 2 3 5 5 4 3 5 3 7 1 6 1 7 6 1 5 4 1 8 3 1 1 5 1 2 2 3 2 4 6 3 3 7 5 2 5 5 2 5 6 1 2 4 2 7 4 2 4 4 5 
1 3 3 5 6 3 3 6 6 6 2 3 4 4 4 3 5 3 7 1 6 1 7 6 2 6 3 1 9 2 1 1 6 2 2 2 2 1 3 7 3 3 6 4 2 5 5 2 6 5 1 2 4 2 7 4 2 4 4 5 
1 4 3 5 6 3 4 6 6 6 2 3 4 4 4 3 5 3 7 2 6 1 8 6 1 5 3 1 8 1 1 1 5 1 2 2 2 1 3 7 3 3 5 4 3 4 4 1 6 5 1 2 3 2 8 4 2 4 5 5 
1 4 3 5 6 3 4 5 6 7 2 3 4 4 4 2 5 2 6 2 6 1 8 5 1 6 3 1 7 1 1 1 5 1 2 2 2 1 2 6 3 3 5 4 2 5 4 1 6 5 1 3 3 2 9 5 2 4 5 6 
1 5 3 6 6 3 4 5 6 7 2 3 4 4 4 2 4 3 5 3 6 1 7 4 1 6 3 1 7 2 1 1 5 1 1 2 2 1 2 6 3 3 5 4 2 5 4 1 5 5 1 3 3 2 8 4 3 4 5 7 
1 4 3 6 6 4 4 6 5 6 2 3 3 5 4 2 4 3 5 2 6 1 7 5 2 7 3 1 6 2 1 1 5 1 1 2 2 2 3 7 3 3 5 4 2 5 4 1 5 5 1 3 3 2 7 3 2 4 6 6 
1 4 3 6 6 5 4 5 4 7 2 3 3 5 4 2 3 4 6 3 7 1 7 6 1 6 3 1 6 2 1 1 5 1 1 2 2 1 3 7 3 3 5 3 1 5 4 1 4 4 1 3 3 2 7 3 2 4 7 7 
1 4 3 6 6 5 5 5 4 7 2 3 3 5 4 2 3 4 5 2 7 2 6 6 1 6 3 1 6 2 1 1 6 1 2 2 2 1 4 6 3 3 5 3 2 5 4 1 4 4 1 3 4 3 6 4 2 4 7 7 
1 4 3 6 6 5 5 5 3 7 2 3 3 5 4 2 3 4 5 2 8 3 5 6 1 6 3 1 7 1 1 1 5 1 2 2 2 1 4 5 3 3 5 4 2 6 4 1 4 4 1 2 3 2 7 4 1 5 7 6 
1 4 2 5 6 6 5 5 2 7 2 3 3 5 4 2 3 4 5 2 7 2 4 7 1 6 3 1 6 1 1 1 6 2 1 3 2 1 4 6 3 3 5 3 2 6 4 1 4 3 1 2 3 2 7 5 2 4 8 5 
1 4 3 6 6 7 4 5 2 7 2 3 4 4 4 2 3 4 5 2 7 3 5 6 1 6 3 1 5 1 1 1 6 2 2 2 2 1 4 6 3 3 6 3 1 7 4 1 5 4 1 2 3 2 7 5 1 5 7 6 
1 4 3 6 6 6 5 5 2 8 1 3 4 3 4 2 3 4 5 3 7 4 5 6 2 5 3 1 6 1 1 1 7 1 2 2 2 1 3 5 2 4 6 3 2 6 4 1 5 4 1 2 3 2 6 5 1 5 7 6 
1 4 4 5 5 7 4 4 2 7 1 3 4 3 4 2 3 4 6 2 7 4 5 6 2 5 3 1 5 2 1 1 8 1 2 2 2 1 3 5 3 3 6 3 1 7 5 1 5 4 1 2 2 3 6 4 1 6 7 5 
1 4 5 5 4 6 4 4 2 6 1 3 4 3 4 2 2 4 5 3 7 3 5 6 2 5 3 1 4 1 1 1 8 2 2 2 2 1 3 5 3 2 6 3 2 8 6 1 5 4 1 2 2 3 6 5 1 5 8 6 
1 4 5 5 4 7 3 3 2 6 1 3 4 3 4 2 2 4 6 2 7 3 6 6 2 5 3 1 4 1 1 1 7 2 2 2 2 1 3 4 3 2 5 2 1 8 6 1 4 5 1 2 2 3 6 4 1 6 7 6 
1 5 6 5 5 6 4 4 2 6 1 3 4 3 4 2 2 4 5 3 6 3 6 6 2 5 3 1 5 1 1 1 7 2 2 2 2 1 3 4 3 2 5 2 1 7 6 1 3 5 1 2 2 3 6 4 1 6 7 7 
1 5 6 5 5 5 4 4 2 6 1 4 4 3 4 2 2 4 5 3 7 3 7 5 2 5 4 1 5 1 1 1 7 1 2 2 2 1 3 3 3 2 5 2 2 7 6 2 3 6 1 2 2 3 5 4 1 6 7 8 
1 5 6 4 5 5 4 4 2 6 1 4 3 4 3 1 1 3 5 3 6 3 7 5 3 5 4 1 5 1 1 1 7 1 2 2 2 1 3 3 3 2 5 2 3 7 6 1 4 6 1 2 2 3 4 5 1 7 6 8 
1 5 6 4 5 5 4 4 2 5 2 4 3 4 3 1 1 3 5 3 6 3 6 5 3 5 4 2 5 1 1 1 7 1 2 2 2 1 3 3 3 2 5 2 3 6 6 2 4 6 1 2 2 3 5 4 1 6 7 8 
1 5 7 5 4 5 4 4 2 5 1 4 4 3 3 1 1 3 5 3 7 4 6 6 3 5 4 2 5 1 1 1 7 1 2 2 2 1 3 3 4 1 5 2 3 6 6 1 5 7 1 2 2 3 5 4 2 6 6 7 
1 5 7 5 3 4 4 4 2 5 2 4 4 3 3 1 1 3 6 4 6 5 6 6 3 5 3 2 5 1 1 1 7 2 2 2 2 1 3 3 4 1 5 2 3 7 6 2 4 7 1 2 2 3 5 4 1 7 5 6 
1 5 7 6 4 5 4 4 2 5 2 4 4 3 4 2 1 3 5 5 6 5 6 6 4 6 3 2 5 1 1 1 6 3 2 2 2 1 3 3 4 1 5 2 3 7 5 3 3 6 1 2 1 4 5 4 2 8 5 6 
1 5 7 5 3 5 4 4 2 5 2 3 4 3 4 2 1 3 5 5 6 5 7 7 4 6 3 2 5 1 1 1 6 4 2 2 3 1 3 4 4 1 6 1 3 7 6 2 2 6 1 2 1 4 5 4 1 7 6 7 
1 5 7 6 3 5 4 4 2 5 3 3 4 3 4 2 2 4 5 5 6 5 6 6 4 5 3 2 5 1 1 1 7 4 2 2 2 1 3 4 5 2 6 1 3 8 6 2 3 6 1 2 1 4 5 4 1 6 5 6 
1 5 8 7 3 5 4 4 2 5 3 3 4 3 3 1 2 4 5 5 6 5 6 7 4 6 3 2 4 1 1 1 6 4 2 3 2 1 3 4 6 3 7 2 4 8 5 3 2 6 1 3 1 4 5 4 1 6 5 7 
1 5 7 6 3 5 4 4 2 5 2 2 4 3 4 2 2 4 5 5 5 6 6 7 3 6 3 2 5 1 1 1 7 5 1 2 2 1 4 5 5 2 6 2 4 7 5 3 1 7 1 3 1 4 5 4 2 7 5 7 
1 5 7 7 3 5 4 4 2 5 2 2 4 3 3 3 2 4 5 5 5 6 5 8 2 6 4 1 5 1 1 1 6 6 1 2 3 1 3 4 5 2 6 1 4 6 6 3 1 8 2 3 1 4 6 4 2 7 5 7 
1 5 7 8 3 5 5 4 3 6 2 2 4 3 3 3 1 3 4 5 5 6 4 7 1 6 3 2 5 1 2 1 6 7 1 2 3 1 3 4 4 2 6 1 4 6 6 2 2 8 2 3 1 4 6 5 2 7 4 8 
2 5 6 9 3 5 5 5 3 6 2 2 5 3 3 3 2 4 4 4 5 6 5 7 1 6 4 1 5 1 1 1 7 6 1 2 3 1 3 4 4 2 5 2 4 6 6 2 3 8 2 3 1 4 6 5 1 8 3 7 
1 5 7 8 3 5 6 4 4 5 2 1 5 3 3 3 2 4 4 4 5 6 5 7 2 6 4 1 6 1 1 1 6 6 1 2 3 2 3 4 4 2 4 3 4 6 6 3 2 7 1 3 1 4 5 4 1 7 4 8 
1 5 7 7 3 6 5 5 4 5 2 1 5 3 2 2 2 4 4 4 6 5 5 7 2 6 3 1 7 1 1 1 6 6 1 2 3 2 3 4 4 2 5 2 4 6 6 2 2 7 2 3 2 5 5 4 1 6 4 7 
1 4 6 8 3 5 5 5 4 5 2 1 4 3 2 2 2 4 4 4 6 4 5 6 2 6 4 1 7 2 1 1 7 5 1 3 3 2 3 3 4 2 5 2 4 6 5 1 3 7 2 3 2 5 5 4 1 7 4 7 
1 5 6 9 3 5 6 5 4 5 2 1 4 3 2 2 2 4 3 4 6 3 6 6 2 6 4 1 6 2 1 1 8 4 1 2 3 2 3 3 3 1 5 3 5 7 6 1 2 8 2 3 2 5 5 4 1 6 4 7 
1 4 6 8 3 5 6 5 4 5 2 1 4 3 2 2 2 4 3 4 7 2 5 5 3 6 5 2 5 1 1 1 7 5 1 2 3 2 4 2 3 1 5 3 5 6 6 1 1 7 1 3 2 5 4 4 1 6 3 7 
2 3 5 7 2 6 5 4 4 5 2 1 4 3 2 2 2 4 3 4 7 1 5 5 3 6 4 1 5 1 1 1 6 6 1 2 3 2 4 2 3 1 6 4 6 7 6 2 1 8 1 3 1 5 3 3 2 7 4 6 
2 3 5 6 2 5 5 4 4 5 2 1 5 3 2 2 2 4 3 4 7 1 4 4 3 6 5 2 6 1 1 1 6 5 1 2 3 2 4 2 3 1 6 4 7 6 6 2 2 8 1 4 1 5 3 3 2 7 3 5 
2 3 5 5 2 5 5 4 4 5 2 1 5 3 2 2 2 4 3 4 7 2 4 4 3 6 4 3 5 1 1 1 6 5 1 3 3 2 4 2 4 1 6 4 6 6 6 3 1 7 1 4 1 6 3 3 2 6 3 5 
1 2 5 5 2 5 5 4 4 5 2 1 5 2 2 2 1 5 3 4 6 1 4 4 3 6 4 3 6 2 1 1 5 6 1 3 3 2 3 1 4 1 7 5 5 7 7 4 2 7 1 4 1 6 3 3 2 6 4 6 
1 2 5 5 2 5 5 4 3 5 2 1 5 1 2 2 2 4 3 4 6 1 5 3 3 6 4 3 7 1 1 1 4 7 2 3 3 2 4 2 4 1 8 6 6 6 6 3 2 8 1 4 1 7 3 3 2 6 4 6 
1 2 5 5 1 5 4 4 3 5 2 1 5 2 3 1 2 4 3 4 6 1 5 3 4 5 4 3 8 2 1 1 4 7 2 3 3 2 4 2 4 1 7 6 6 5 6 3 1 9 1 3 1 6 3 3 2 6 5 6 
1 2 6 4 1 4 5 4 3 5 2 1 5 2 2 2 2 4 2 5 6 1 6 2 4 5 4 3 7 1 1 1 4 8 2 3 3 2 4 2 5 1 7 7 6 5 6 3 1 8 1 3 1 6 3 3 3 6 4 6 
1 2 6 4 1 4 4 4 3 5 3 1 5 2 2 2 2 4 1 5 7 2 5 3 4 5 3 4 8 2 1 1 3 7 2 3 3 2 4 2 4 1 6 8 6 6 7 3 1 7 1 3 2 7 3 3 2 6 5 5 
1 2 5 4 2 5 4 3 3 5 2 1 5 1 2 2 2 4 1 5 6 3 5 3 4 6 3 4 8 1 1 1 3 8 2 3 3 2 4 2 4 1 7 7 6 6 7 3 1 8 1 3 3 6 3 3 2 6 5 5 
1 2 4 4 2 5 4 3 3 5 2 1 5 1 2 2 2 4 1 5 6 3 5 2 4 7 3 4 8 2 1 1 4 9 1 4 3 2 3 1 4 1 7 7 6 7 6 2 2 7 1 3 3 6 3 3 1 7 4 5 
1 2 5 5 1 6 4 3 4 6 2 1 5 1 2 2 2 3 2 6 7 4 5 2 5 6 3 4 8 3 1 1 5 10 1 4 3 2 4 2 4 1 7 6 6 7 7 3 3 8 1 3 3 6 3 3 1 7 4 5 
1 2 5 4 1 6 4 4 4 7 3 1 6 1 2 2 2 3 2 5 6 3 5 3 6 5 3 4 7 2 1 1 6 9 1 4 3 2 4 2 4 1 6 6 7 7 6 2 4 8 2 4 3 5 3 3 2 7 4 5 
1 2 5 4 1 5 4 4 3 7 3 1 6 1 2 2 2 3 2 5 6 3 6 4 7 4 4 3 7 1 1 1 6 8 1 3 2 1 4 2 5 1 5 5 8 7 5 2 3 8 2 4 3 5 3 3 2 6 4 6 
1 2 6 5 1 4 5 3 3 7 3 1 6 1 2 2 2 3 3 6 7 2 7 3 7 4 4 3 6 2 1 1 7 7 1 3 3 2 4 2 5 1 4 5 8 8 4 1 2 8 2 4 3 4 3 3 2 6 5 7 
1 2 5 4 1 4 5 3 2 7 2 1 7 1 2 2 2 3 4 6 6 3 8 4 6 4 4 3 5 2 1 1 7 6 1 3 3 2 4 2 5 1 4 5 7 8 4 1 1 7 2 4 4 4 3 3 2 5 5 6 
1 2 5 4 1 5 5 3 2 7 2 1 6 1 2 2 2 3 4 6 6 3 7 4 6 5 4 3 5 2 1 1 6 6 1 3 3 1 4 2 6 2 4 5 7 7 4 1 1 6 3 5 4 4 3 3 3 4 5 5 
1 2 5 4 1 5 6 4 2 8 2 1 6 1 2 2 2 4 5 6 7 2 7 4 6 5 4 3 5 1 1 1 7 6 1 4 3 1 4 2 6 2 4 5 8 6 3 2 2 6 2 5 4 4 3 3 3 4 5 5 
1 2 5 4 1 6 5 3 2 7 2 1 7 1 2 2 2 4 5 7 6 3 8 3 7 5 4 3 4 1 1 1 6 7 1 3 3 1 4 2 5 2 4 6 8 7 3 2 2 6 3 5 4 4 2 3 3 4 5 5 
1 2 4 5 1 5 6 4 3 6 2 1 6 2 2 2 2 4 5 6 7 2 7 3 6 6 4 3 5 1 1 1 6 7 1 4 3 1 4 2 6 1 4 6 7 7 3 2 2 6 2 5 3 3 2 3 3 4 5 5 
1 2 4 5 1 5 5 3 3 6 2 1 6 2 2 2 2 4 4 7 7 1 6 3 5 7 5 4 5 1 1 1 5 8 1 3 3 1 5 2 6 1 3 5 8 6 4 1 2 6 1 6 4 4 2 3 3 4 5 5 
1 2 5 6 1 5 4 2 3 6 2 1 6 2 3 2 2 4 4 7 8 2 7 4 4 6 4 3 5 1 1 1 4 8 1 4 3 1 5 2 7 2 3 5 7 7 4 1 2 5 1 6 4 4 3 3 3 4 5 5 
1 3 6 7 1 5 5 3 2 7 2 1 6 2 3 2 2 4 4 7 7 3 6 4 4 6 4 3 5 1 1 1 3 7 1 4 3 1 6 1 7 2 2 6 6 8 4 1 2 5 1 6 5 4 2 2 2 3 4 5 
1 2 6 6 1 5 5 3 2 7 2 1 6 2 3 3 2 4 5 7 7 4 5 5 3 5 4 3 5 1 1 1 3 6 1 4 4 2 5 2 8 2 2 6 6 9 4 1 2 5 1 7 5 4 2 2 2 3 4 4 
1 2 7 7 1 5 6 4 2 7 2 1 6 2 3 3 1 3 5 6 7 5 5 5 3 5 4 3 6 1 1 1 4 7 1 4 4 2 6 3 9 2 1 6 7 9 3 1 3 4 1 7 4 5 2 2 3 2 4 4 
1 2 7 6 2 4 6 4 2 8 2 1 6 2 3 3 2 3 6 5 7 5 5 5 3 6 4 3 5 2 1 1 5 8 1 4 4 2 5 3 9 1 2 5 8 8 3 1 3 4 2 6 4 5 2 2 4 1 5 4 
1 2 7 7 1 5 6 4 2 7 2 1 5 1 3 3 2 3 5 6 7 4 5 5 3 6 4 3 6 3 1 1 6 8 1 3 3 2 5 3 8 2 2 5 7 9 3 1 3 4 3 5 4 4 2 2 4 1 5 4 
1 2 6 6 1 5 6 5 3 7 2 1 5 1 3 3 2 3 4 6 7 4 5 5 3 6 5 2 6 2 1 1 6 7 1 4 4 2 5 3 9 1 2 4 8 8 3 1 4 5 3 5 4 4 2 2 4 1 5 4 
1 2 7 6 2 5 5 6 2 6 2 1 6 1 4 3 1 3 4 7 8 3 6 4 3 6 5 2 6 3 1 1 6 8 1 4 4 2 5 3 8 1 2 4 7 8 3 2 3 4 3 5 4 4 2 2 4 1 5 4 
1 2 7 7 2 5 5 6 1 5 2 1 7 2 4 3 1 3 4 8 7 3 6 4 2 7 5 1 7 4 1 1 6 7 1 4 4 2 6 2 7 1 3 3 7 8 3 2 3 4 4 5 4 4 2 3 3 1 5 5 
1 2 8 6 1 6 5 6 1 5 2 1 6 3 5 2 1 3 3 9 7 3 5 3 2 6 5 1 6 5 1 1 7 6 2 4 4 2 6 2 6 1 3 3 6 9 2 2 3 5 4 6 5 4 2 3 4 1 5 5 
1 2 7 5 2 5 5 6 1 5 3 2 6 4 4 3 1 3 2 8 7 3 5 3 2 6 5 1 6 5 1 1 6 6 1 4 4 2 6 2 7 1 3 3 7 8 2 2 3 4 4 5 4 4 2 3 3 1 5 5 
1 2 8 4 2 5 4 7 1 5 3 2 6 4 4 3 1 3 1 8 6 3 5 3 3 5 5 1 6 5 1 1 7 7 1 4 4 1 5 2 6 1 3 3 6 7 2 1 3 4 4 5 4 4 2 4 3 1 5 4 
1 2 7 5 3 6 4 7 1 6 3 2 6 4 4 3 2 3 1 7 6 3 5 3 2 6 5 1 6 5 1 1 6 6 1 4 4 1 4 2 6 2 3 3 6 7 2 2 3 4 4 6 5 5 2 4 3 1 5 4 
1 2 7 6 3 6 5 7 1 5 3 2 7 3 5 2 2 3 2 7 6 3 5 3 2 6 6 1 6 5 1 1 5 6 1 3 4 1 4 2 7 1 3 3 6 7 2 2 2 5 4 5 4 4 2 4 2 1 5 4 
1 2 8 5 3 5 6 6 1 6 3 2 7 4 5 2 2 3 3 7 6 2 5 3 2 6 5 1 6 5 1 1 5 5 1 4 4 1 4 2 8 2 4 3 5 8 2 2 2 5 4 5 4 4 3 4 3 1 6 4 
1 3 7 5 2 4 7 6 1 7 3 2 7 3 5 2 2 3 3 6 6 3 5 3 2 6 6 1 5 4 1 1 5 6 1 4 4 1 4 2 8 1 4 3 4 7 2 2 1 5 4 5 4 4 3 3 2 1 6 4 
1 3 7 4 2 4 6 5 1 6 3 1 7 3 5 2 1 2 3 5 7 2 6 2 2 6 5 1 5 4 1 1 6 6 2 5 4 1 4 2 8 2 3 4 5 8 2 2 1 5 5 5 4 4 3 3 2 1 6 4 
1 4 7 4 2 4 6 5 1 7 3 1 6 3 5 2 1 2 3 5 8 1 6 2 3 6 6 1 5 4 1 1 5 6 2 5 3 2 4 2 7 1 2 3 4 9 2 2 1 5 4 5 5 3 4 3 2 1 7 5 
1 4 8 5 2 4 6 5 2 6 4 1 6 4 5 2 1 3 4 4 7 2 6 2 3 7 5 1 5 5 1 1 6 6 3 4 3 2 3 3 8 2 2 3 3 9 2 2 1 5 4 6 5 3 4 3 2 1 7 5 
2 5 9 6 2 4 6 5 2 6 4 1 7 3 5 2 1 2 3 5 6 3 6 2 3 6 4 2 5 4 1 1 5 6 3 4 3 1 3 3 7 1 2 3 2 10 2 2 1 5 4 6 5 3 4 3 2 1 7 6 
2 5 9 5 2 4 6 5 1 6 4 1 6 4 5 1 1 3 3 5 7 2 6 2 4 5 4 2 5 4 1 1 5 6 3 4 3 2 3 3 8 1 1 4 3 9 2 2 1 5 5 7 5 3 4 4 2 1 8 6 
2 5 8 5 2 4 6 5 2 6 4 1 6 3 5 2 1 3 3 6 8 3 6 2 4 5 4 2 5 5 1 2 5 6 2 3 3 1 4 3 9 2 1 4 4 8 2 2 1 5 6 6 5 3 4 4 2 1 7 7 
2 5 8 4 2 4 6 5 3 5 4 1 6 3 5 1 1 3 2 7 7 3 6 1 4 5 4 2 6 4 1 1 4 6 3 3 3 2 4 3 8 1 1 4 3 9 2 2 1 6 6 7 5 4 3 4 2 1 6 8 
2 5 9 4 2 4 5 6 3 5 4 1 6 3 5 1 1 2 2 6 6 2 5 2 4 5 3 1 5 3 1 1 5 5 3 3 3 2 4 3 7 1 2 3 4 8 2 2 1 5 7 8 4 4 3 4 2 1 7 7 
1 6 9 3 1 3 6 5 3 5 4 1 7 4 5 1 1 2 3 6 7 2 5 2 4 6 4 2 5 3 1 1 6 4 3 3 3 2 4 3 8 2 2 3 5 7 2 2 1 4 6 7 5 4 3 4 2 1 8 7 
1 5 10 3 2 4 5 5 3 5 4 1 6 3 6 1 1 2 2 5 6 2 5 2 3 7 4 2 4 4 1 1 6 4 3 3 3 1 4 3 7 1 2 3 6 6 2 2 1 4 5 8 5 4 4 5 2 1 7 6 
2 6 9 2 2 4 4 6 3 4 5 1 6 3 6 1 1 3 2 5 5 3 5 2 2 7 4 2 4 4 1 1 7 5 3 3 3 2 4 3 8 1 2 3 5 6 2 2 1 4 5 7 5 4 4 5 2 1 6 5 
1 5 9 3 2 4 4 6 3 5 5 1 6 4 6 2 1 3 2 5 5 3 4 1 3 7 3 1 4 4 1 1 6 6 3 3 3 2 4 3 7 2 2 3 5 6 2 2 1 4 6 8 5 4 5 5 1 2 6 5 
2 6 8 4 3 4 4 6 3 5 4 2 7 5 6 1 1 3 2 5 5 3 5 2 3 7 3 1 4 4 1 1 6 7 3 3 3 2 4 3 7 3 2 3 5 6 2 1 1 4 7 8 4 5 5 5 1 2 7 4 
1 5 8 5 3 4 5 7 2 4 5 1 6 5 7 2 1 3 2 5 5 3 4 1 4 7 3 1 4 4 1 1 6 6 3 3 3 2 4 3 6 2 2 3 5 6 2 2 1 4 7 7 5 4 5 5 1 2 6 3 
1 6 8 6 4 5 6 7 2 4 5 1 6 4 6 1 1 3 3 5 5 3 4 1 3 6 3 1 4 4 1 1 7 6 4 2 3 2 4 3 6 2 2 3 5 6 2 2 1 4 6 8 5 4 4 6 2 1 5 2 
1 6 7 5 5 5 6 7 2 5 5 1 7 4 7 1 1 3 3 4 5 3 4 1 3 6 3 1 4 4 1 1 7 6 3 3 3 2 4 3 7 3 2 3 6 5 2 2 1 4 7 8 5 4 4 7 1 2 6 3 
1 6 7 5 5 5 6 6 2 5 5 2 6 4 7 1 2 4 4 5 5 3 4 2 3 6 3 1 3 5 1 1 8 6 3 3 3 2 4 3 7 2 2 3 5 6 2 1 1 5 7 7 5 4 4 6 1 2 6 2 
1 7 7 5 5 5 7 6 1 4 5 1 6 5 6 1 2 4 4 5 4 4 4 1 2 6 3 1 3 5 1 1 8 6 3 3 2 2 4 3 8 3 2 3 6 7 2 1 1 5 7 8 5 4 3 7 1 3 6 2 
2 7 6 4 4 6 7 6 1 4 4 2 6 6 5 2 2 4 4 5 4 4 3 2 1 6 3 1 2 5 1 1 8 5 3 3 1 2 3 4 7 2 2 3 5 6 2 1 1 5 8 8 5 3 4 7 1 3 6 2 
2 7 6 4 5 5 6 5 1 4 4 1 6 6 4 3 3 5 5 4 4 4 3 2 1 6 3 1 3 6 1 1 8 4 3 3 1 2 3 4 6 1 2 3 5 6 2 1 2 6 7 7 6 3 5 7 2 2 5 1 
2 8 7 4 4 5 6 5 1 4 4 2 6 7 4 3 2 4 5 3 4 4 3 2 1 5 3 1 2 5 1 1 8 3 3 3 1 3 3 4 5 2 2 3 5 6 2 1 2 6 8 7 7 3 5 8 2 2 5 1 
2 7 7 4 4 5 6 5 1 4 4 2 7 6 5 4 2 4 6 4 3 5 3 2 1 6 3 1 2 5 1 1 8 2 3 3 1 3 3 4 5 2 2 3 5 5 1 2 2 6 8 8 6 3 4 7 2 2 4 1 
3 6 7 5 4 5 5 6 1 4 4 2 8 6 4 3 2 4 6 4 3 5 3 2 1 5 3 1 2 5 1 1 9 1 3 3 1 3 4 4 5 3 2 3 4 6 1 2 2 6 7 7 6 2 5 7 2 1 5 1 
2 7 7 5 3 4 5 6 1 4 4 2 8 5 5 2 2 4 6 3 3 5 3 2 1 6 3 1 2 5 2 2 8 1 3 3 1 3 4 4 5 4 2 3 5 5 1 2 2 6 6 6 6 2 5 7 2 1 4 1 
2 7 7 5 3 4 5 6 1 4 5 3 7 6 5 2 2 4 6 3 3 5 3 2 1 5 3 1 2 5 2 2 9 1 4 3 1 3 4 4 5 4 2 3 4 5 1 1 3 6 6 6 6 1 4 6 2 1 5 1 
2 7 6 4 3 3 6 5 1 4 4 2 7 6 5 2 2 4 7 4 2 6 3 2 1 5 3 1 2 5 2 2 8 1 4 3 1 3 4 4 5 4 1 2 4 5 1 1 3 6 6 6 6 2 5 5 2 1 4 1 
2 7 6 4 2 3 6 5 1 4 4 2 7 7 5 2 2 4 6 3 2 6 3 2 1 6 3 1 3 4 2 2 9 2 4 3 1 3 5 3 5 4 1 2 4 5 1 1 3 5 6 7 5 1 5 6 2 1 4 1 
1 8 6 4 2 3 6 6 2 5 3 3 6 8 6 2 2 4 7 4 3 7 3 2 1 5 3 1 3 4 2 2 8 1 4 3 1 3 4 4 5 5 1 2 4 5 1 1 3 5 7 8 5 1 4 6 2 1 4 1 
2 7 6 4 2 3 6 7 2 5 3 3 5 7 5 3 2 4 8 4 2 6 3 2 1 5 3 1 3 4 2 2 7 1 5 2 1 4 4 4 5 4 1 2 4 5 1 1 3 6 7 7 4 2 5 6 2 1 4 1 
3 7 7 4 2 3 7 6 2 5 4 3 4 8 5 3 2 4 8 4 2 6 3 2 1 6 3 1 3 5 2 2 6 1 5 2 1 4 4 4 5 4 1 3 4 5 1 1 3 6 6 6 4 2 5 5 2 1 5 1 
3 7 7 3 2 3 7 5 2 5 4 3 5 7 6 3 2 4 8 3 2 6 3 2 1 5 4 1 3 5 2 2 6 2 5 2 1 4 3 4 6 5 1 3 4 5 1 1 3 6 6 7 3 3 4 6 1 2 5 1 
2 8 7 3 2 3 6 4 1 6 4 3 4 7 5 3 2 4 7 2 2 7 3 2 1 5 4 1 3 5 3 1 6 2 5 2 1 4 4 4 6 5 1 3 5 6 2 1 3 6 6 6 4 2 5 5 1 2 5 1 
3 7 7 3 3 3 6 4 1 6 4 3 4 7 5 4 2 4 6 3 2 7 3 2 2 6 4 1 3 5 3 1 7 1 6 1 2 5 3 4 7 5 1 3 6 7 1 1 3 6 7 6 4 2 4 6 2 2 5 1 
2 8 8 4 3 3 5 5 1 5 4 4 5 7 5 4 2 4 6 3 1 8 3 2 2 6 5 2 3 5 2 1 6 2 6 1 1 4 3 4 6 6 2 3 5 6 1 2 3 6 6 5 4 2 4 5 2 2 5 1 
2 8 8 4 3 3 6 4 1 5 4 3 5 7 5 4 1 3 5 3 2 7 3 2 2 6 5 2 3 5 2 1 7 2 6 1 1 4 2 5 7 6 2 3 5 6 1 1 4 6 7 4 3 1 4 5 2 2 4 1 
3 7 8 4 3 3 7 5 2 4 4 3 5 8 5 4 1 3 5 3 2 7 4 2 3 6 5 2 4 4 2 1 8 3 5 1 1 4 1 6 8 7 1 2 5 6 1 1 5 5 7 3 3 1 3 4 2 2 4 1 
3 7 9 4 3 2 7 5 2 3 4 3 4 7 5 4 1 3 5 3 1 7 4 2 4 6 6 2 3 5 2 1 7 2 5 1 1 4 1 6 8 6 1 2 4 5 1 1 6 5 7 4 3 1 2 5 2 2 4 1 
2 6 8 5 3 2 8 4 2 3 4 3 5 6 5 4 1 3 5 3 1 7 3 3 5 5 6 3 3 5 2 1 6 1 5 2 1 4 1 6 7 6 1 2 4 4 1 1 6 4 7 4 3 1 2 4 2 2 4 1 
1 5 9 4 3 2 8 4 2 3 4 3 4 5 6 5 1 3 5 3 2 8 3 3 4 6 6 2 3 5 2 1 5 1 5 2 1 4 2 5 7 6 1 2 4 4 1 1 7 5 7 3 3 1 3 4 2 2 4 2 
